  1100    1  I           6678.1559     -436.621          1.34993          0.00000
  1101    1  I           6678.1651     -437.036          1.34647          0.00000
  1102    1  I           6678.1744     -437.452          1.34669          0.00000
  1103    1  I           6678.1836     -437.867          1.34510          0.00000
  1104    1  I           6678.1929     -438.282          1.34252          0.00000
  1105    1  I           6678.2021     -438.698          1.34523          0.00000
  1106    1  I           6678.2113     -439.113          1.34628          0.00000
  1107    1  I           6678.2206     -439.529          1.34457          0.00000
  1108    1  I           6678.2298     -439.944          1.34606          0.00000
  1109    1  I           6678.2391     -440.360          1.34587          0.00000
  1110    1  I           6678.2483     -440.775          1.34672          0.00000
  1111    1  I           6678.2575     -441.191          1.34724          0.00000
  1112    1  I           6678.2668     -441.606          1.34847          0.00000
  1113    1  I           6678.2760     -442.021          1.34597          0.00000
  1114    1  I           6678.2853     -442.437          1.34477          0.00000
  1115    1  I           6678.2945     -442.852          1.34678          0.00000
  1116    1  I           6678.3037     -443.268          1.34470          0.00000
  1117    1  I           6678.3130     -443.683          1.34456          0.00000
  1118    1  I           6678.3222     -444.099          1.34620          0.00000
  1119    1  I           6678.3315     -444.514          1.34276          0.00000
  1120    1  I           6678.3407     -444.930          1.34568          0.00000
  1121    1  I           6678.3499     -445.345          1.34646          0.00000
  1122    1  I           6678.3592     -445.760          1.34385          0.00000
  1123    1  I           6678.3684     -446.176          1.34547          0.00000
  1124    1  I           6678.3777     -446.591          1.34497          0.00000
  1125    1  I           6678.3869     -447.007          1.34553          0.00000
  1126    1  I           6678.3962     -447.422          1.34535          0.00000
  1127    1  I           6678.4054     -447.838          1.34472          0.00000
  1128    1  I           6678.4146     -448.253          1.35014          0.00000
  1129    1  I           6678.4239     -448.669          1.34910          0.00000
  1130    1  I           6678.4331     -449.084          1.34792          0.00000
  1131    1  I           6678.4424     -449.500          1.34637          0.00000
  1132    1  I           6678.4516     -449.915          1.34593          0.00000
  1133    1  I           6678.4608     -450.330          1.34233          0.00000
  1134    1  I           6678.4701     -450.746          1.34477          0.00000
  1135    1  I           6678.4793     -451.161          1.34551          0.00000
  1136    1  I           6678.4886     -451.577          1.34705          0.00000
  1137    1  I           6678.4978     -451.992          1.34639          0.00000
  1138    1  I           6678.5070     -452.408          1.34276          0.00000
  1139    1  I           6678.5163     -452.823          1.34342          0.00000
  1140    1  I           6678.5255     -453.239          1.34219          0.00000
  1141    1  I           6678.5348     -453.654          1.34504          0.00000
  1142    1  I           6678.5440     -454.069          1.34607          0.00000
  1143    1  I           6678.5533     -454.485          1.34441          0.00000
  1144    1  I           6678.5625     -454.900          1.34188          0.00000
  1145    1  I           6678.5717     -455.316          1.34594          0.00000
  1146    1  I           6678.5810     -455.731          1.34493          0.00000
  1147    1  I           6678.5902     -456.147          1.34492          0.00000
  1148    1  I           6678.5995     -456.562          1.34481          0.00000
  1149    1  I           6678.6087     -456.978          1.34559          0.00000
  1150    1  I           6678.6179     -457.393          1.34462          0.00000
  1151    1  I           6678.6272     -457.808          1.34258          0.00000
  1152    1  I           6678.6364     -458.224          1.34402          0.00000
  1153    1  I           6678.6457     -458.639          1.34504          0.00000
  1154    1  I           6678.6549     -459.055          1.34611          0.00000
  1155    1  I           6678.6641     -459.470          1.34608          0.00000
  1156    1  I           6678.6734     -459.886          1.34367          0.00000
  1157    1  I           6678.6826     -460.301          1.34465          0.00000
  1158    1  I           6678.6919     -460.717          1.34385          0.00000
  1159    1  I           6678.7011     -461.132          1.34089          0.00000
  1160    1  I           6678.7103     -461.547          1.34474          0.00000
  1161    1  I           6678.7196     -461.963          1.34290          0.00000
  1162    1  I           6678.7288     -462.378          1.34579          0.00000
  1163    1  I           6678.7381     -462.794          1.34403          0.00000
  1164    1  I           6678.7473     -463.209          1.34664          0.00000
  1165    1  I           6678.7566     -463.625          1.34749          0.00000
  1166    1  I           6678.7658     -464.040          1.35133          0.00000
  1167    1  I           6678.7750     -464.456          1.34690          0.00000
  1168    1  I           6678.7843     -464.871          1.35079          0.00000
  1169    1  I           6678.7935     -465.286          1.35123          0.00000
  1170    1  I           6678.8028     -465.702          1.35040          0.00000
  1171    1  I           6678.8120     -466.117          1.35298          0.00000
  1172    1  I           6678.8212     -466.533          1.34705          0.00000
  1173    1  I           6678.8305     -466.948          1.34796          0.00000
  1174    1  I           6678.8397     -467.364          1.34858          0.00000
  1175    1  I           6678.8490     -467.779          1.34850          0.00000
  1176    1  I           6678.8582     -468.195          1.35673          0.00000
  1177    1  I           6678.8674     -468.610          1.37039          0.00000
  1178    1  I           6678.8767     -469.026          1.38896          0.00000
  1179    1  I           6678.8859     -469.441          1.40457          0.00000
  1180    1  I           6678.8952     -469.856          1.42424          0.00000
  1181    1  I           6678.9044     -470.272          1.45018          0.00000
  1182    1  I           6678.9137     -470.687          1.48332          0.00000
  1183    1  I           6678.9229     -471.103          1.51362          0.00000
  1184    1  I           6678.9321     -471.518          1.53399          0.00000
  1185    1  I           6678.9414     -471.934          1.55523          0.00000
  1186    1  I           6678.9506     -472.349          1.56560          0.00000
  1187    1  I           6678.9599     -472.765          1.56742          0.00000
  1188    1  I           6678.9691     -473.180          1.56558          0.00000
  1189    1  I           6678.9783     -473.595          1.55536          0.00000
  1190    1  I           6678.9876     -474.011          1.54712          0.00000
  1191    1  I           6678.9968     -474.426          1.53549          0.00000
  1192    1  I           6679.0061     -474.842          1.51697          0.00000
  1193    1  I           6679.0153     -475.257          1.49049          0.00000
  1194    1  I           6679.0245     -475.673          1.46588          0.00000
  1195    1  I           6679.0338     -476.088          1.43838          0.00000
  1196    1  I           6679.0430     -476.504          1.41143          0.00000
  1197    1  I           6679.0523     -476.919          1.38358          0.00000
  1198    1  I           6679.0615     -477.334          1.36857          0.00000
  1199    1  I           6679.0707     -477.750          1.36165          0.00000
  1200    1  I           6679.0800     -478.165          1.36032          0.00000
  1201    1  I           6679.0892     -478.581          1.37252          0.00000
  1202    1  I           6679.0985     -478.996          1.38764          0.00000
  1203    1  I           6679.1077     -479.412          1.40810          0.00000
  1204    1  I           6679.1170     -479.827          1.42943          0.00000
  1205    1  I           6679.1262     -480.243          1.44786          0.00000
  1206    1  I           6679.1354     -480.658          1.47173          0.00000
  1207    1  I           6679.1447     -481.074          1.50212          0.00000
  1208    1  I           6679.1539     -481.489          1.53425          0.00000
  1209    1  I           6679.1632     -481.904          1.55934          0.00000
  1210    1  I           6679.1724     -482.320          1.57744          0.00000
  1211    1  I           6679.1816     -482.735          1.57244          0.00000
  1212    1  I           6679.1909     -483.151          1.53338          0.00000
  1213    1  I           6679.2001     -483.566          1.47349          0.00000
  1214    1  I           6679.2094     -483.982          1.40679          0.00000
  1215    1  I           6679.2186     -484.397          1.36196          0.00000
  1216    1  I           6679.2278     -484.813          1.34728          0.00000
  1217    1  I           6679.2371     -485.228          1.34418          0.00000
  1218    1  I           6679.2463     -485.643          1.34157          0.00000
  1219    1  I           6679.2556     -486.059          1.34308          0.00000
  1220    1  I           6679.2648     -486.474          1.34332          0.00000
  1221    1  I           6679.2741     -486.890          1.34104          0.00000
  1222    1  I           6679.2833     -487.305          1.34020          0.00000
  1223    1  I           6679.2925     -487.721          1.34532          0.00000
  1224    1  I           6679.3018     -488.136          1.33748          0.00000
  1225    1  I           6679.3110     -488.552          1.34093          0.00000
  1226    1  I           6679.3203     -488.967          1.34078          0.00000
  1227    1  I           6679.3295     -489.383          1.33934          0.00000
  1228    1  I           6679.3387     -489.798          1.33797          0.00000
  1229    1  I           6679.3480     -490.213          1.34048          0.00000
  1230    1  I           6679.3572     -490.629          1.33955          0.00000
  1231    1  I           6679.3665     -491.044          1.33864          0.00000
  1232    1  I           6679.3757     -491.460          1.33772          0.00000
  1233    1  I           6679.3849     -491.875          1.34061          0.00000
  1234    1  I           6679.3942     -492.291          1.33951          0.00000
  1235    1  I           6679.4034     -492.706          1.33974          0.00000
  1236    1  I           6679.4127     -493.122          1.33782          0.00000
  1237    1  I           6679.4219     -493.537          1.33380          0.00000
  1238    1  I           6679.4311     -493.952          1.33989          0.00000
  1239    1  I           6679.4404     -494.368          1.33936          0.00000
  1240    1  I           6679.4496     -494.783          1.33659          0.00000
  1241    1  I           6679.4589     -495.199          1.33757          0.00000
  1242    1  I           6679.4681     -495.614          1.33831          0.00000
  1243    1  I           6679.4774     -496.030          1.33783          0.00000
  1244    1  I           6679.4866     -496.445          1.33741          0.00000
  1245    1  I           6679.4958     -496.861          1.33912          0.00000
  1246    1  I           6679.5051     -497.276          1.33674          0.00000
  1247    1  I           6679.5143     -497.691          1.33682          0.00000
  1248    1  I           6679.5236     -498.107          1.33970          0.00000
  1249    1  I           6679.5328     -498.522          1.33612          0.00000
  1250    1  I           6679.5420     -498.938          1.33856          0.00000
  1251    1  I           6679.5513     -499.353          1.33959          0.00000
  1252    1  I           6679.5605     -499.769          1.33938          0.00000
  1253    1  I           6679.5698     -500.184          1.33664          0.00000
  1254    1  I           6679.5790     -500.600          1.33636          0.00000
  1255    1  I           6679.5882     -501.015          1.33673          0.00000
  1256    1  I           6679.5975     -501.430          1.34046          0.00000
  1257    1  I           6679.6067     -501.846          1.33688          0.00000
  1258    1  I           6679.6160     -502.261          1.33627          0.00000
  1259    1  I           6679.6252     -502.677          1.33707          0.00000
  1260    1  I           6679.6345     -503.092          1.33815          0.00000
  1261    1  I           6679.6437     -503.508          1.33797          0.00000
  1262    1  I           6679.6529     -503.923          1.33805          0.00000
  1263    1  I           6679.6622     -504.339          1.33633          0.00000
  1264    1  I           6679.6714     -504.754          1.33591          0.00000
  1265    1  I           6679.6807     -505.169          1.33648          0.00000
  1266    1  I           6679.6899     -505.585          1.33785          0.00000
  1267    1  I           6679.6991     -506.000          1.33548          0.00000
  1268    1  I           6679.7084     -506.416          1.33753          0.00000
  1269    1  I           6679.7176     -506.831          1.33623          0.00000
  1270    1  I           6679.7269     -507.247          1.33603          0.00000
  1271    1  I           6679.7361     -507.662          1.33640          0.00000
  1272    1  I           6679.7453     -508.078          1.33732          0.00000
  1273    1  I           6679.7546     -508.493          1.33759          0.00000
  1274    1  I           6679.7638     -508.909          1.34153          0.00000
  1275    1  I           6679.7731     -509.324          1.34030          0.00000
  1276    1  I           6679.7823     -509.739          1.33826          0.00000
  1277    1  I           6679.7915     -510.155          1.33751          0.00000
  1278    1  I           6679.8008     -510.570          1.34093          0.00000
  1279    1  I           6679.8100     -510.986          1.34113          0.00000
  1280    1  I           6679.8193     -511.401          1.33905          0.00000
  1281    1  I           6679.8285     -511.817          1.33744          0.00000
  1282    1  I           6679.8378     -512.232          1.33595          0.00000
  1283    1  I           6679.8470     -512.648          1.33833          0.00000
  1284    1  I           6679.8562     -513.063          1.33629          0.00000
  1285    1  I           6679.8655     -513.478          1.33692          0.00000
  1286    1  I           6679.8747     -513.894          1.33842          0.00000
  1287    1  I           6679.8840     -514.309          1.33780          0.00000
  1288    1  I           6679.8932     -514.725          1.33676          0.00000
  1289    1  I           6679.9024     -515.140          1.33701          0.00000
  1290    1  I           6679.9117     -515.556          1.33515          0.00000
  1291    1  I           6679.9209     -515.971          1.33969          0.00000
  1292    1  I           6679.9302     -516.387          1.34134          0.00000
  1293    1  I           6679.9394     -516.802          1.34504          0.00000
  1294    1  I           6679.9486     -517.217          1.34904          0.00000
  1295    1  I           6679.9579     -517.633          1.35263          0.00000
  1296    1  I           6679.9671     -518.048          1.35824          0.00000
  1297    1  I           6679.9764     -518.464          1.35907          0.00000
  1298    1  I           6679.9856     -518.879          1.36002          0.00000
  1299    1  I           6679.9949     -519.295          1.35755          0.00000
  1300    1  I           6680.0041     -519.710          1.35417          0.00000
  1301    1  I           6680.0133     -520.126          1.35302          0.00000
  1302    1  I           6680.0226     -520.541          1.34804          0.00000
  1303    1  I           6680.0318     -520.957          1.34855          0.00000
  1304    1  I           6680.0411     -521.372          1.34533          0.00000
  1305    1  I           6680.0503     -521.787          1.34382          0.00000
  1306    1  I           6680.0595     -522.203          1.34095          0.00000
  1307    1  I           6680.0688     -522.618          1.33561          0.00000
  1308    1  I           6680.0780     -523.034          1.33888          0.00000
  1309    1  I           6680.0873     -523.449          1.33820          0.00000
  1310    1  I           6680.0965     -523.865          1.34010          0.00000
  1311    1  I           6680.1057     -524.280          1.33721          0.00000
  1312    1  I           6680.1150     -524.696          1.33694          0.00000
  1313    1  I           6680.1242     -525.111          1.34075          0.00000
  1314    1  I           6680.1335     -525.526          1.33762          0.00000
  1315    1  I           6680.1427     -525.942          1.34246          0.00000
  1316    1  I           6680.1519     -526.357          1.34266          0.00000
  1317    1  I           6680.1612     -526.773          1.34155          0.00000
  1318    1  I           6680.1704     -527.188          1.34102          0.00000
  1319    1  I           6680.1797     -527.604          1.34296          0.00000
  1320    1  I           6680.1889     -528.019          1.34314          0.00000
  1321    1  I           6680.1982     -528.435          1.34447          0.00000
  1322    1  I           6680.2074     -528.850          1.34644          0.00000
  1323    1  I           6680.2166     -529.266          1.34603          0.00000
  1324    1  I           6680.2259     -529.681          1.34906          0.00000
  1325    1  I           6680.2351     -530.096          1.34717          0.00000
  1326    1  I           6680.2444     -530.512          1.35090          0.00000
  1327    1  I           6680.2536     -530.927          1.35328          0.00000
  1328    1  I           6680.2628     -531.343          1.35291          0.00000
  1329    1  I           6680.2721     -531.758          1.35096          0.00000
  1330    1  I           6680.2813     -532.174          1.35122          0.00000
  1331    1  I           6680.2906     -532.589          1.35052          0.00000
  1332    1  I           6680.2998     -533.005          1.34882          0.00000
  1333    1  I           6680.3090     -533.420          1.34614          0.00000
  1334    1  I           6680.3183     -533.835          1.34299          0.00000
  1335    1  I           6680.3275     -534.251          1.34137          0.00000
  1336    1  I           6680.3368     -534.666          1.33763          0.00000
  1337    1  I           6680.3460     -535.082          1.33874          0.00000
  1338    1  I           6680.3553     -535.497          1.33534          0.00000
  1339    1  I           6680.3645     -535.913          1.33373          0.00000
  1340    1  I           6680.3737     -536.328          1.33251          0.00000
  1341    1  I           6680.3830     -536.744          1.33374          0.00000
  1342    1  I           6680.3922     -537.159          1.33471          0.00000
  1343    1  I           6680.4015     -537.574          1.33460          0.00000
  1344    1  I           6680.4107     -537.990          1.33259          0.00000
  1345    1  I           6680.4199     -538.405          1.33258          0.00000
  1346    1  I           6680.4292     -538.821          1.33374          0.00000
  1347    1  I           6680.4384     -539.236          1.33492          0.00000
  1348    1  I           6680.4477     -539.652          1.33535          0.00000
  1349    1  I           6680.4569     -540.067          1.33313          0.00000
  1350    1  I           6680.4661     -540.483          1.33366          0.00000
  1351    1  I           6680.4754     -540.898          1.33255          0.00000
  1352    1  I           6680.4846     -541.313          1.33260          0.00000
  1353    1  I           6680.4939     -541.729          1.33583          0.00000
  1354    1  I           6680.5031     -542.144          1.33451          0.00000
  1355    1  I           6680.5123     -542.560          1.33233          0.00000
  1356    1  I           6680.5216     -542.975          1.32979          0.00000
  1357    1  I           6680.5308     -543.391          1.33392          0.00000
  1358    1  I           6680.5401     -543.806          1.33093          0.00000
  1359    1  I           6680.5493     -544.222          1.33013          0.00000
  1360    1  I           6680.5586     -544.637          1.33219          0.00000
  1361    1  I           6680.5678     -545.052          1.33322          0.00000
  1362    1  I           6680.5770     -545.468          1.33223          0.00000
  1363    1  I           6680.5863     -545.883          1.33093          0.00000
  1364    1  I           6680.5955     -546.299          1.32901          0.00000
  1365    1  I           6680.6048     -546.714          1.33340          0.00000
  1366    1  I           6680.6140     -547.130          1.33019          0.00000
  1367    1  I           6680.6232     -547.545          1.33461          0.00000
  1368    1  I           6680.6325     -547.961          1.33241          0.00000
  1369    1  I           6680.6417     -548.376          1.33070          0.00000
  1370    1  I           6680.6510     -548.792          1.33049          0.00000
  1371    1  I           6680.6602     -549.207          1.33426          0.00000
  1372    1  I           6680.6694     -549.622          1.33405          0.00000
  1373    1  I           6680.6787     -550.038          1.32998          0.00000
  1374    1  I           6680.6879     -550.453          1.33135          0.00000
  1375    1  I           6680.6972     -550.869          1.33356          0.00000
  1376    1  I           6680.7064     -551.284          1.33450          0.00000
  1377    1  I           6680.7157     -551.700          1.33502          0.00000
  1378    1  I           6680.7249     -552.115          1.33337          0.00000
  1379    1  I           6680.7341     -552.531          1.33358          0.00000
  1380    1  I           6680.7434     -552.946          1.33289          0.00000
