Header information
 
Source: G339.884-1.2
RA:   16 52  4.67        DEC: -46  8 34.22   (J2000)
OBS. DATE: 20131119          Time of record:   1/  6  7 32.9
No. channels:  1024           First channel plotted     1
Bw (kHz):      0.977
Rest freq. (MHz) :    6668.5195      Av. weight :       0.0000
 
DATA follow with format: (1X,I5,2X,I3,2X,A5,2X,F12.4,3(2X,G15.6))
 
Channel  IF  Polar     Frequency     Velocity         Real(Jy)         Imag(Jy)
     1    1  I           6669.0000     0.978187          44.5405          0.00000
     2    1  I           6669.0010     0.934288          44.5258          0.00000
     3    1  I           6669.0020     0.890388          44.5230          0.00000
     4    1  I           6669.0029     0.846489          44.5392          0.00000
     5    1  I           6669.0039     0.802590          44.5453          0.00000
     6    1  I           6669.0049     0.758690          44.5423          0.00000
     7    1  I           6669.0059     0.714791          44.5592          0.00000
     8    1  I           6669.0068     0.670891          44.5362          0.00000
     9    1  I           6669.0078     0.626992          44.5691          0.00000
    10    1  I           6669.0088     0.583093          44.5594          0.00000
    11    1  I           6669.0098     0.539193          44.5715          0.00000
    12    1  I           6669.0107     0.495294          44.5341          0.00000
    13    1  I           6669.0117     0.451394          44.5561          0.00000
    14    1  I           6669.0127     0.407495          44.5552          0.00000
    15    1  I           6669.0137     0.363596          44.5451          0.00000
    16    1  I           6669.0146     0.319696          44.5577          0.00000
    17    1  I           6669.0156     0.275797          44.5753          0.00000
    18    1  I           6669.0166     0.231897          44.5837          0.00000
    19    1  I           6669.0176     0.187998          44.5687          0.00000
    20    1  I           6669.0186     0.144099          44.5885          0.00000
    21    1  I           6669.0195     0.100199          44.5688          0.00000
    22    1  I           6669.0205     0.562997E-01      44.5718          0.00000
    23    1  I           6669.0215     0.124003E-01      44.5854          0.00000
    24    1  I           6669.0225    -0.314991E-01      44.5753          0.00000
    25    1  I           6669.0234    -0.753985E-01      44.5917          0.00000
    26    1  I           6669.0244    -0.119298          44.5845          0.00000
    27    1  I           6669.0254    -0.163197          44.5849          0.00000
    28    1  I           6669.0264    -0.207097          44.5685          0.00000
    29    1  I           6669.0273    -0.250996          44.5765          0.00000
    30    1  I           6669.0283    -0.294895          44.5786          0.00000
    31    1  I           6669.0293    -0.338795          44.6184          0.00000
    32    1  I           6669.0303    -0.382694          44.5920          0.00000
    33    1  I           6669.0312    -0.426594          44.5895          0.00000
    34    1  I           6669.0322    -0.470493          44.6186          0.00000
    35    1  I           6669.0332    -0.514393          44.6071          0.00000
    36    1  I           6669.0342    -0.558292          44.6137          0.00000
    37    1  I           6669.0352    -0.602191          44.6208          0.00000
    38    1  I           6669.0361    -0.646091          44.6058          0.00000
    39    1  I           6669.0371    -0.689990          44.6305          0.00000
    40    1  I           6669.0381    -0.733890          44.6173          0.00000
    41    1  I           6669.0391    -0.777789          44.6168          0.00000
    42    1  I           6669.0400    -0.821688          44.6036          0.00000
    43    1  I           6669.0410    -0.865588          44.6217          0.00000
    44    1  I           6669.0420    -0.909487          44.6449          0.00000
    45    1  I           6669.0430    -0.953386          44.6420          0.00000
    46    1  I           6669.0439    -0.997286          44.6337          0.00000
    47    1  I           6669.0449     -1.04119          44.6397          0.00000
    48    1  I           6669.0459     -1.08508          44.6406          0.00000
    49    1  I           6669.0469     -1.12898          44.6262          0.00000
    50    1  I           6669.0479     -1.17288          44.6305          0.00000
    51    1  I           6669.0488     -1.21678          44.6637          0.00000
    52    1  I           6669.0498     -1.26068          44.6595          0.00000
    53    1  I           6669.0508     -1.30458          44.6521          0.00000
    54    1  I           6669.0518     -1.34848          44.6741          0.00000
    55    1  I           6669.0527     -1.39238          44.6454          0.00000
    56    1  I           6669.0537     -1.43628          44.6473          0.00000
    57    1  I           6669.0547     -1.48018          44.6666          0.00000
    58    1  I           6669.0557     -1.52408          44.6705          0.00000
    59    1  I           6669.0566     -1.56798          44.6744          0.00000
    60    1  I           6669.0576     -1.61188          44.6516          0.00000
    61    1  I           6669.0586     -1.65578          44.6714          0.00000
    62    1  I           6669.0596     -1.69968          44.6573          0.00000
    63    1  I           6669.0605     -1.74358          44.6714          0.00000
    64    1  I           6669.0615     -1.78748          44.6672          0.00000
    65    1  I           6669.0625     -1.83137          44.6449          0.00000
    66    1  I           6669.0635     -1.87527          44.6690          0.00000
    67    1  I           6669.0645     -1.91917          44.7070          0.00000
    68    1  I           6669.0654     -1.96307          44.6649          0.00000
    69    1  I           6669.0664     -2.00697          44.6788          0.00000
    70    1  I           6669.0674     -2.05087          44.6841          0.00000
    71    1  I           6669.0684     -2.09477          44.6846          0.00000
    72    1  I           6669.0693     -2.13867          44.6913          0.00000
    73    1  I           6669.0703     -2.18257          44.6955          0.00000
    74    1  I           6669.0713     -2.22647          44.6841          0.00000
    75    1  I           6669.0723     -2.27037          44.6768          0.00000
    76    1  I           6669.0732     -2.31427          44.6982          0.00000
    77    1  I           6669.0742     -2.35817          44.6928          0.00000
    78    1  I           6669.0752     -2.40207          44.6911          0.00000
    79    1  I           6669.0762     -2.44597          44.7025          0.00000
    80    1  I           6669.0771     -2.48987          44.7077          0.00000
    81    1  I           6669.0781     -2.53377          44.7175          0.00000
    82    1  I           6669.0791     -2.57766          44.6832          0.00000
    83    1  I           6669.0801     -2.62156          44.7086          0.00000
    84    1  I           6669.0811     -2.66546          44.6838          0.00000
    85    1  I           6669.0820     -2.70936          44.7025          0.00000
    86    1  I           6669.0830     -2.75326          44.7166          0.00000
    87    1  I           6669.0840     -2.79716          44.6931          0.00000
    88    1  I           6669.0850     -2.84106          44.7013          0.00000
    89    1  I           6669.0859     -2.88496          44.7101          0.00000
    90    1  I           6669.0869     -2.92886          44.7114          0.00000
    91    1  I           6669.0879     -2.97276          44.7272          0.00000
    92    1  I           6669.0889     -3.01666          44.7414          0.00000
    93    1  I           6669.0898     -3.06056          44.7263          0.00000
    94    1  I           6669.0908     -3.10446          44.7349          0.00000
    95    1  I           6669.0918     -3.14836          44.7400          0.00000
    96    1  I           6669.0928     -3.19226          44.7204          0.00000
    97    1  I           6669.0938     -3.23616          44.7322          0.00000
    98    1  I           6669.0947     -3.28006          44.7255          0.00000
    99    1  I           6669.0957     -3.32395          44.7454          0.00000
   100    1  I           6669.0967     -3.36785          44.7291          0.00000
   101    1  I           6669.0977     -3.41175          44.7403          0.00000
   102    1  I           6669.0986     -3.45565          44.7272          0.00000
   103    1  I           6669.0996     -3.49955          44.7301          0.00000
   104    1  I           6669.1006     -3.54345          44.7607          0.00000
   105    1  I           6669.1016     -3.58735          44.7475          0.00000
   106    1  I           6669.1025     -3.63125          44.7403          0.00000
   107    1  I           6669.1035     -3.67515          44.7568          0.00000
   108    1  I           6669.1045     -3.71905          44.7432          0.00000
   109    1  I           6669.1055     -3.76295          44.7595          0.00000
   110    1  I           6669.1064     -3.80685          44.7477          0.00000
   111    1  I           6669.1074     -3.85075          44.7389          0.00000
   112    1  I           6669.1084     -3.89465          44.7451          0.00000
   113    1  I           6669.1094     -3.93855          44.7430          0.00000
   114    1  I           6669.1104     -3.98245          44.7715          0.00000
   115    1  I           6669.1113     -4.02634          44.7473          0.00000
   116    1  I           6669.1123     -4.07024          44.7612          0.00000
   117    1  I           6669.1133     -4.11414          44.7636          0.00000
   118    1  I           6669.1143     -4.15804          44.7512          0.00000
   119    1  I           6669.1152     -4.20194          44.7586          0.00000
   120    1  I           6669.1162     -4.24584          44.7557          0.00000
   121    1  I           6669.1172     -4.28974          44.7704          0.00000
   122    1  I           6669.1182     -4.33364          44.7703          0.00000
   123    1  I           6669.1191     -4.37754          44.7700          0.00000
   124    1  I           6669.1201     -4.42144          44.7638          0.00000
   125    1  I           6669.1211     -4.46534          44.7649          0.00000
   126    1  I           6669.1221     -4.50924          44.7784          0.00000
   127    1  I           6669.1230     -4.55314          44.7678          0.00000
   128    1  I           6669.1240     -4.59704          44.7678          0.00000
   129    1  I           6669.1250     -4.64094          44.7944          0.00000
   130    1  I           6669.1260     -4.68484          44.7489          0.00000
   131    1  I           6669.1270     -4.72873          44.7645          0.00000
   132    1  I           6669.1279     -4.77263          44.7545          0.00000
   133    1  I           6669.1289     -4.81653          44.7814          0.00000
   134    1  I           6669.1299     -4.86043          44.7813          0.00000
   135    1  I           6669.1309     -4.90433          44.7908          0.00000
   136    1  I           6669.1318     -4.94823          44.7687          0.00000
   137    1  I           6669.1328     -4.99213          44.7844          0.00000
   138    1  I           6669.1338     -5.03603          44.7878          0.00000
   139    1  I           6669.1348     -5.07993          44.8135          0.00000
   140    1  I           6669.1357     -5.12383          44.8122          0.00000
   141    1  I           6669.1367     -5.16773          44.8025          0.00000
   142    1  I           6669.1377     -5.21163          44.7871          0.00000
   143    1  I           6669.1387     -5.25553          44.7758          0.00000
   144    1  I           6669.1396     -5.29943          44.7775          0.00000
   145    1  I           6669.1406     -5.34333          44.7869          0.00000
   146    1  I           6669.1416     -5.38723          44.7742          0.00000
   147    1  I           6669.1426     -5.43113          44.8113          0.00000
   148    1  I           6669.1436     -5.47503          44.7950          0.00000
   149    1  I           6669.1445     -5.51892          44.8075          0.00000
   150    1  I           6669.1455     -5.56282          44.7906          0.00000
   151    1  I           6669.1465     -5.60672          44.7910          0.00000
   152    1  I           6669.1475     -5.65062          44.7915          0.00000
   153    1  I           6669.1484     -5.69452          44.8098          0.00000
   154    1  I           6669.1494     -5.73842          44.7985          0.00000
   155    1  I           6669.1504     -5.78232          44.7984          0.00000
   156    1  I           6669.1514     -5.82622          44.8082          0.00000
   157    1  I           6669.1523     -5.87012          44.8218          0.00000
   158    1  I           6669.1533     -5.91402          44.8046          0.00000
   159    1  I           6669.1543     -5.95792          44.8246          0.00000
   160    1  I           6669.1553     -6.00182          44.8334          0.00000
   161    1  I           6669.1562     -6.04572          44.7994          0.00000
   162    1  I           6669.1572     -6.08962          44.8149          0.00000
   163    1  I           6669.1582     -6.13352          44.8080          0.00000
   164    1  I           6669.1592     -6.17742          44.8427          0.00000
   165    1  I           6669.1602     -6.22131          44.8367          0.00000
   166    1  I           6669.1611     -6.26521          44.8357          0.00000
   167    1  I           6669.1621     -6.30911          44.8240          0.00000
   168    1  I           6669.1631     -6.35301          44.8270          0.00000
   169    1  I           6669.1641     -6.39691          44.8216          0.00000
   170    1  I           6669.1650     -6.44081          44.8453          0.00000
   171    1  I           6669.1660     -6.48471          44.8285          0.00000
   172    1  I           6669.1670     -6.52861          44.8250          0.00000
   173    1  I           6669.1680     -6.57251          44.8426          0.00000
   174    1  I           6669.1689     -6.61641          44.8417          0.00000
   175    1  I           6669.1699     -6.66031          44.8422          0.00000
   176    1  I           6669.1709     -6.70421          44.8499          0.00000
   177    1  I           6669.1719     -6.74811          44.8463          0.00000
   178    1  I           6669.1729     -6.79201          44.8399          0.00000
   179    1  I           6669.1738     -6.83591          44.8565          0.00000
   180    1  I           6669.1748     -6.87981          44.8547          0.00000
   181    1  I           6669.1758     -6.92371          44.8358          0.00000
   182    1  I           6669.1768     -6.96760          44.8462          0.00000
   183    1  I           6669.1777     -7.01150          44.8519          0.00000
   184    1  I           6669.1787     -7.05540          44.8563          0.00000
   185    1  I           6669.1797     -7.09930          44.8744          0.00000
   186    1  I           6669.1807     -7.14320          44.8471          0.00000
   187    1  I           6669.1816     -7.18710          44.8853          0.00000
   188    1  I           6669.1826     -7.23100          44.8975          0.00000
   189    1  I           6669.1836     -7.27490          44.8845          0.00000
   190    1  I           6669.1846     -7.31880          44.8790          0.00000
   191    1  I           6669.1855     -7.36270          44.9214          0.00000
   192    1  I           6669.1865     -7.40660          44.9207          0.00000
   193    1  I           6669.1875     -7.45050          44.9765          0.00000
   194    1  I           6669.1885     -7.49440          45.0624          0.00000
   195    1  I           6669.1895     -7.53830          45.1344          0.00000
   196    1  I           6669.1904     -7.58220          45.1633          0.00000
   197    1  I           6669.1914     -7.62610          45.1751          0.00000
   198    1  I           6669.1924     -7.66999          45.1900          0.00000
   199    1  I           6669.1934     -7.71389          45.1756          0.00000
   200    1  I           6669.1943     -7.75779          45.1419          0.00000
   201    1  I           6669.1953     -7.80169          45.0932          0.00000
   202    1  I           6669.1963     -7.84559          45.0238          0.00000
   203    1  I           6669.1973     -7.88949          45.0093          0.00000
   204    1  I           6669.1982     -7.93339          44.9581          0.00000
   205    1  I           6669.1992     -7.97729          44.9895          0.00000
   206    1  I           6669.2002     -8.02119          44.9219          0.00000
   207    1  I           6669.2012     -8.06509          44.9337          0.00000
   208    1  I           6669.2021     -8.10899          44.9199          0.00000
   209    1  I           6669.2031     -8.15289          44.9192          0.00000
   210    1  I           6669.2041     -8.19679          44.9034          0.00000
   211    1  I           6669.2051     -8.24069          44.9318          0.00000
   212    1  I           6669.2061     -8.28459          44.9331          0.00000
   213    1  I           6669.2070     -8.32849          44.9152          0.00000
   214    1  I           6669.2080     -8.37239          44.9540          0.00000
   215    1  I           6669.2090     -8.41628          44.9512          0.00000
   216    1  I           6669.2100     -8.46018          44.9116          0.00000
   217    1  I           6669.2109     -8.50408          44.9285          0.00000
   218    1  I           6669.2119     -8.54798          44.8954          0.00000
   219    1  I           6669.2129     -8.59188          44.8971          0.00000
   220    1  I           6669.2139     -8.63578          44.9005          0.00000
   221    1  I           6669.2148     -8.67968          44.9067          0.00000
   222    1  I           6669.2158     -8.72358          44.8941          0.00000
   223    1  I           6669.2168     -8.76748          44.8796          0.00000
   224    1  I           6669.2178     -8.81138          44.8847          0.00000
   225    1  I           6669.2188     -8.85528          44.8879          0.00000
   226    1  I           6669.2197     -8.89918          44.8615          0.00000
   227    1  I           6669.2207     -8.94308          44.8955          0.00000
   228    1  I           6669.2217     -8.98698          44.8801          0.00000
   229    1  I           6669.2227     -9.03088          44.8824          0.00000
   230    1  I           6669.2236     -9.07478          44.8678          0.00000
   231    1  I           6669.2246     -9.11868          44.8671          0.00000
   232    1  I           6669.2256     -9.16257          44.8587          0.00000
   233    1  I           6669.2266     -9.20647          44.8624          0.00000
   234    1  I           6669.2275     -9.25037          44.8927          0.00000
   235    1  I           6669.2285     -9.29427          44.8759          0.00000
   236    1  I           6669.2295     -9.33817          44.8688          0.00000
   237    1  I           6669.2305     -9.38207          44.8846          0.00000
   238    1  I           6669.2314     -9.42597          44.8566          0.00000
   239    1  I           6669.2324     -9.46987          44.8718          0.00000
   240    1  I           6669.2334     -9.51377          44.8598          0.00000
   241    1  I           6669.2344     -9.55767          44.8676          0.00000
   242    1  I           6669.2354     -9.60157          44.8176          0.00000
   243    1  I           6669.2363     -9.64547          44.8424          0.00000
   244    1  I           6669.2373     -9.68937          44.8242          0.00000
   245    1  I           6669.2383     -9.73327          44.8304          0.00000
   246    1  I           6669.2393     -9.77717          44.8192          0.00000
   247    1  I           6669.2402     -9.82106          44.8295          0.00000
   248    1  I           6669.2412     -9.86496          44.8228          0.00000
   249    1  I           6669.2422     -9.90886          44.8258          0.00000
   250    1  I           6669.2432     -9.95276          44.8411          0.00000
   251    1  I           6669.2441     -9.99666          44.8441          0.00000
   252    1  I           6669.2451     -10.0406          44.8267          0.00000
   253    1  I           6669.2461     -10.0845          44.8304          0.00000
   254    1  I           6669.2471     -10.1284          44.8285          0.00000
   255    1  I           6669.2480     -10.1723          44.8325          0.00000
   256    1  I           6669.2490     -10.2162          44.8129          0.00000
   257    1  I           6669.2500     -10.2601          44.8201          0.00000
   258    1  I           6669.2510     -10.3040          44.8313          0.00000
   259    1  I           6669.2520     -10.3479          44.8222          0.00000
   260    1  I           6669.2529     -10.3918          44.8160          0.00000
   261    1  I           6669.2539     -10.4357          44.7979          0.00000
   262    1  I           6669.2549     -10.4796          44.8016          0.00000
   263    1  I           6669.2559     -10.5235          44.8197          0.00000
   264    1  I           6669.2568     -10.5674          44.8199          0.00000
   265    1  I           6669.2578     -10.6113          44.8259          0.00000
   266    1  I           6669.2588     -10.6552          44.8139          0.00000
   267    1  I           6669.2598     -10.6991          44.8382          0.00000
   268    1  I           6669.2607     -10.7430          44.8037          0.00000
   269    1  I           6669.2617     -10.7869          44.8101          0.00000
   270    1  I           6669.2627     -10.8308          44.8274          0.00000
   271    1  I           6669.2637     -10.8747          44.8240          0.00000
   272    1  I           6669.2646     -10.9186          44.7986          0.00000
   273    1  I           6669.2656     -10.9625          44.8205          0.00000
   274    1  I           6669.2666     -11.0063          44.8052          0.00000
   275    1  I           6669.2676     -11.0502          44.8300          0.00000
   276    1  I           6669.2686     -11.0941          44.8213          0.00000
   277    1  I           6669.2695     -11.1380          44.8215          0.00000
   278    1  I           6669.2705     -11.1819          44.8213          0.00000
   279    1  I           6669.2715     -11.2258          44.8280          0.00000
   280    1  I           6669.2725     -11.2697          44.8333          0.00000
   281    1  I           6669.2734     -11.3136          44.8396          0.00000
   282    1  I           6669.2744     -11.3575          44.8422          0.00000
   283    1  I           6669.2754     -11.4014          44.8521          0.00000
   284    1  I           6669.2764     -11.4453          44.8634          0.00000
   285    1  I           6669.2773     -11.4892          44.8593          0.00000
   286    1  I           6669.2783     -11.5331          44.8694          0.00000
   287    1  I           6669.2793     -11.5770          44.8771          0.00000
   288    1  I           6669.2803     -11.6209          44.8985          0.00000
   289    1  I           6669.2812     -11.6648          44.8934          0.00000
   290    1  I           6669.2822     -11.7087          44.8833          0.00000
   291    1  I           6669.2832     -11.7526          44.9063          0.00000
   292    1  I           6669.2842     -11.7965          44.9122          0.00000
   293    1  I           6669.2852     -11.8404          44.9254          0.00000
   294    1  I           6669.2861     -11.8843          44.9125          0.00000
   295    1  I           6669.2871     -11.9282          44.9424          0.00000
   296    1  I           6669.2881     -11.9721          44.9552          0.00000
   297    1  I           6669.2891     -12.0160          44.9668          0.00000
   298    1  I           6669.2900     -12.0599          45.0075          0.00000
   299    1  I           6669.2910     -12.1038          45.0593          0.00000
   300    1  I           6669.2920     -12.1477          45.1294          0.00000
   301    1  I           6669.2930     -12.1916          45.2443          0.00000
   302    1  I           6669.2939     -12.2355          45.3939          0.00000
   303    1  I           6669.2949     -12.2794          45.5440          0.00000
   304    1  I           6669.2959     -12.3233          45.7275          0.00000
   305    1  I           6669.2969     -12.3672          45.9743          0.00000
   306    1  I           6669.2979     -12.4111          46.2382          0.00000
   307    1  I           6669.2988     -12.4550          46.5748          0.00000
   308    1  I           6669.2998     -12.4989          47.0902          0.00000
   309    1  I           6669.3008     -12.5428          47.7412          0.00000
   310    1  I           6669.3018     -12.5867          48.7146          0.00000
   311    1  I           6669.3027     -12.6306          49.9801          0.00000
   312    1  I           6669.3037     -12.6745          51.4079          0.00000
   313    1  I           6669.3047     -12.7184          52.8835          0.00000
   314    1  I           6669.3057     -12.7623          54.0685          0.00000
   315    1  I           6669.3066     -12.8062          54.9061          0.00000
   316    1  I           6669.3076     -12.8501          55.4526          0.00000
   317    1  I           6669.3086     -12.8940          56.0486          0.00000
   318    1  I           6669.3096     -12.9379          56.8188          0.00000
   319    1  I           6669.3105     -12.9818          57.9161          0.00000
   320    1  I           6669.3115     -13.0257          59.4715          0.00000
   321    1  I           6669.3125     -13.0696          61.6671          0.00000
   322    1  I           6669.3135     -13.1135          65.0406          0.00000
   323    1  I           6669.3145     -13.1574          70.9312          0.00000
   324    1  I           6669.3154     -13.2013          81.0187          0.00000
   325    1  I           6669.3164     -13.2452          97.0499          0.00000
   326    1  I           6669.3174     -13.2891          119.837          0.00000
   327    1  I           6669.3184     -13.3330          149.246          0.00000
   328    1  I           6669.3193     -13.3769          183.571          0.00000
   329    1  I           6669.3203     -13.4208          221.494          0.00000
   330    1  I           6669.3213     -13.4647          264.121          0.00000
   331    1  I           6669.3223     -13.5086          314.394          0.00000
   332    1  I           6669.3232     -13.5525          374.687          0.00000
   333    1  I           6669.3242     -13.5964          442.647          0.00000
   334    1  I           6669.3252     -13.6403          517.003          0.00000
   335    1  I           6669.3262     -13.6842          595.178          0.00000
   336    1  I           6669.3271     -13.7281          665.248          0.00000
   337    1  I           6669.3281     -13.7720          707.091          0.00000
   338    1  I           6669.3291     -13.8159          706.937          0.00000
   339    1  I           6669.3301     -13.8598          667.216          0.00000
   340    1  I           6669.3311     -13.9037          605.432          0.00000
   341    1  I           6669.3320     -13.9476          534.267          0.00000
   342    1  I           6669.3330     -13.9915          462.284          0.00000
   343    1  I           6669.3340     -14.0354          400.909          0.00000
   344    1  I           6669.3350     -14.0793          358.109          0.00000
   345    1  I           6669.3359     -14.1232          329.270          0.00000
   346    1  I           6669.3369     -14.1671          305.559          0.00000
   347    1  I           6669.3379     -14.2110          289.056          0.00000
   348    1  I           6669.3389     -14.2549          283.095          0.00000
   349    1  I           6669.3398     -14.2988          286.288          0.00000
   350    1  I           6669.3408     -14.3427          293.940          0.00000
   351    1  I           6669.3418     -14.3866          302.612          0.00000
   352    1  I           6669.3428     -14.4305          308.340          0.00000
   353    1  I           6669.3438     -14.4744          308.923          0.00000
   354    1  I           6669.3447     -14.5183          302.193          0.00000
   355    1  I           6669.3457     -14.5622          288.381          0.00000
   356    1  I           6669.3467     -14.6061          270.401          0.00000
   357    1  I           6669.3477     -14.6500          251.441          0.00000
   358    1  I           6669.3486     -14.6939          237.642          0.00000
   359    1  I           6669.3496     -14.7378          234.118          0.00000
   360    1  I           6669.3506     -14.7817          244.508          0.00000
   361    1  I           6669.3516     -14.8256          267.221          0.00000
   362    1  I           6669.3525     -14.8695          297.313          0.00000
   363    1  I           6669.3535     -14.9134          329.580          0.00000
   364    1  I           6669.3545     -14.9573          358.520          0.00000
   365    1  I           6669.3555     -15.0012          379.740          0.00000
   366    1  I           6669.3564     -15.0451          389.901          0.00000
   367    1  I           6669.3574     -15.0890          389.188          0.00000
   368    1  I           6669.3584     -15.1329          377.271          0.00000
   369    1  I           6669.3594     -15.1768          355.590          0.00000
   370    1  I           6669.3604     -15.2207          325.771          0.00000
   371    1  I           6669.3613     -15.2646          291.814          0.00000
   372    1  I           6669.3623     -15.3085          257.414          0.00000
   373    1  I           6669.3633     -15.3524          226.605          0.00000
   374    1  I           6669.3643     -15.3963          201.292          0.00000
   375    1  I           6669.3652     -15.4402          182.405          0.00000
   376    1  I           6669.3662     -15.4841          170.533          0.00000
   377    1  I           6669.3672     -15.5280          166.487          0.00000
   378    1  I           6669.3682     -15.5719          171.830          0.00000
   379    1  I           6669.3691     -15.6158          188.339          0.00000
   380    1  I           6669.3701     -15.6597          215.379          0.00000
   381    1  I           6669.3711     -15.7036          248.787          0.00000
   382    1  I           6669.3721     -15.7475          283.058          0.00000
   383    1  I           6669.3730     -15.7914          312.158          0.00000
   384    1  I           6669.3740     -15.8353          331.957          0.00000
   385    1  I           6669.3750     -15.8792          340.944          0.00000
   386    1  I           6669.3760     -15.9231          341.281          0.00000
   387    1  I           6669.3770     -15.9670          334.990          0.00000
   388    1  I           6669.3779     -16.0109          322.282          0.00000
   389    1  I           6669.3789     -16.0548          304.431          0.00000
   390    1  I           6669.3799     -16.0987          283.193          0.00000
   391    1  I           6669.3809     -16.1426          261.196          0.00000
   392    1  I           6669.3818     -16.1865          239.498          0.00000
   393    1  I           6669.3828     -16.2304          219.361          0.00000
   394    1  I           6669.3838     -16.2743          201.633          0.00000
   395    1  I           6669.3848     -16.3182          186.511          0.00000
   396    1  I           6669.3857     -16.3621          172.583          0.00000
   397    1  I           6669.3867     -16.4060          159.513          0.00000
   398    1  I           6669.3877     -16.4499          148.818          0.00000
   399    1  I           6669.3887     -16.4938          142.631          0.00000
   400    1  I           6669.3896     -16.5377          142.174          0.00000
   401    1  I           6669.3906     -16.5816          149.110          0.00000
   402    1  I           6669.3916     -16.6255          166.503          0.00000
   403    1  I           6669.3926     -16.6694          198.865          0.00000
   404    1  I           6669.3936     -16.7133          246.938          0.00000
   405    1  I           6669.3945     -16.7572          303.769          0.00000
   406    1  I           6669.3955     -16.8011          356.321          0.00000
   407    1  I           6669.3965     -16.8450          391.956          0.00000
   408    1  I           6669.3975     -16.8889          401.075          0.00000
   409    1  I           6669.3984     -16.9328          381.232          0.00000
   410    1  I           6669.3994     -16.9767          339.188          0.00000
   411    1  I           6669.4004     -17.0206          286.779          0.00000
   412    1  I           6669.4014     -17.0645          235.198          0.00000
   413    1  I           6669.4023     -17.1084          192.444          0.00000
   414    1  I           6669.4033     -17.1523          161.554          0.00000
   415    1  I           6669.4043     -17.1962          142.194          0.00000
   416    1  I           6669.4053     -17.2401          133.093          0.00000
   417    1  I           6669.4062     -17.2840          133.219          0.00000
   418    1  I           6669.4072     -17.3279          143.404          0.00000
   419    1  I           6669.4082     -17.3718          163.723          0.00000
   420    1  I           6669.4092     -17.4157          193.199          0.00000
   421    1  I           6669.4102     -17.4596          227.679          0.00000
   422    1  I           6669.4111     -17.5035          263.112          0.00000
   423    1  I           6669.4121     -17.5474          294.741          0.00000
   424    1  I           6669.4131     -17.5913          316.804          0.00000
   425    1  I           6669.4141     -17.6352          326.532          0.00000
   426    1  I           6669.4150     -17.6791          322.975          0.00000
   427    1  I           6669.4160     -17.7230          309.662          0.00000
   428    1  I           6669.4170     -17.7669          291.821          0.00000
   429    1  I           6669.4180     -17.8108          272.762          0.00000
   430    1  I           6669.4189     -17.8547          256.153          0.00000
   431    1  I           6669.4199     -17.8986          244.223          0.00000
   432    1  I           6669.4209     -17.9425          236.570          0.00000
   433    1  I           6669.4219     -17.9864          231.937          0.00000
   434    1  I           6669.4229     -18.0303          227.745          0.00000
   435    1  I           6669.4238     -18.0742          221.931          0.00000
   436    1  I           6669.4248     -18.1181          214.102          0.00000
   437    1  I           6669.4258     -18.1620          204.233          0.00000
   438    1  I           6669.4268     -18.2059          194.258          0.00000
   439    1  I           6669.4277     -18.2498          186.233          0.00000
   440    1  I           6669.4287     -18.2936          182.192          0.00000
   441    1  I           6669.4297     -18.3375          183.943          0.00000
   442    1  I           6669.4307     -18.3814          190.924          0.00000
   443    1  I           6669.4316     -18.4253          201.855          0.00000
   444    1  I           6669.4326     -18.4692          213.693          0.00000
   445    1  I           6669.4336     -18.5131          224.187          0.00000
   446    1  I           6669.4346     -18.5570          230.555          0.00000
   447    1  I           6669.4355     -18.6009          231.734          0.00000
   448    1  I           6669.4365     -18.6448          227.441          0.00000
   449    1  I           6669.4375     -18.6887          218.426          0.00000
   450    1  I           6669.4385     -18.7326          206.388          0.00000
   451    1  I           6669.4395     -18.7765          192.623          0.00000
   452    1  I           6669.4404     -18.8204          178.395          0.00000
   453    1  I           6669.4414     -18.8643          164.106          0.00000
   454    1  I           6669.4424     -18.9082          150.110          0.00000
   455    1  I           6669.4434     -18.9521          136.227          0.00000
   456    1  I           6669.4443     -18.9960          122.808          0.00000
   457    1  I           6669.4453     -19.0399          109.931          0.00000
   458    1  I           6669.4463     -19.0838          98.2134          0.00000
   459    1  I           6669.4473     -19.1277          87.8257          0.00000
   460    1  I           6669.4482     -19.1716          79.4584          0.00000
   461    1  I           6669.4492     -19.2155          73.1165          0.00000
   462    1  I           6669.4502     -19.2594          68.8923          0.00000
   463    1  I           6669.4512     -19.3033          66.5218          0.00000
   464    1  I           6669.4521     -19.3472          65.6764          0.00000
   465    1  I           6669.4531     -19.3911          65.6736          0.00000
   466    1  I           6669.4541     -19.4350          66.1785          0.00000
   467    1  I           6669.4551     -19.4789          66.6652          0.00000
   468    1  I           6669.4561     -19.5228          66.8220          0.00000
   469    1  I           6669.4570     -19.5667          66.5891          0.00000
   470    1  I           6669.4580     -19.6106          66.0558          0.00000
   471    1  I           6669.4590     -19.6545          65.2378          0.00000
   472    1  I           6669.4600     -19.6984          64.0824          0.00000
   473    1  I           6669.4609     -19.7423          62.9536          0.00000
   474    1  I           6669.4619     -19.7862          61.8032          0.00000
   475    1  I           6669.4629     -19.8301          60.6027          0.00000
   476    1  I           6669.4639     -19.8740          59.3545          0.00000
   477    1  I           6669.4648     -19.9179          58.1485          0.00000
   478    1  I           6669.4658     -19.9618          57.0160          0.00000
   479    1  I           6669.4668     -20.0057          55.9020          0.00000
   480    1  I           6669.4678     -20.0496          54.8665          0.00000
   481    1  I           6669.4688     -20.0935          53.8810          0.00000
   482    1  I           6669.4697     -20.1374          52.9538          0.00000
   483    1  I           6669.4707     -20.1813          52.0969          0.00000
   484    1  I           6669.4717     -20.2252          51.2199          0.00000
   485    1  I           6669.4727     -20.2691          50.3896          0.00000
   486    1  I           6669.4736     -20.3130          49.6799          0.00000
   487    1  I           6669.4746     -20.3569          49.0793          0.00000
   488    1  I           6669.4756     -20.4008          48.5462          0.00000
   489    1  I           6669.4766     -20.4447          48.0986          0.00000
   490    1  I           6669.4775     -20.4886          47.8182          0.00000
   491    1  I           6669.4785     -20.5325          47.5385          0.00000
   492    1  I           6669.4795     -20.5764          47.3868          0.00000
   493    1  I           6669.4805     -20.6203          47.2684          0.00000
   494    1  I           6669.4814     -20.6642          47.1890          0.00000
   495    1  I           6669.4824     -20.7081          47.1454          0.00000
   496    1  I           6669.4834     -20.7520          47.1445          0.00000
   497    1  I           6669.4844     -20.7959          47.1221          0.00000
   498    1  I           6669.4854     -20.8398          47.1189          0.00000
   499    1  I           6669.4863     -20.8837          47.0946          0.00000
   500    1  I           6669.4873     -20.9276          47.0328          0.00000
   501    1  I           6669.4883     -20.9715          47.0300          0.00000
   502    1  I           6669.4893     -21.0154          47.0325          0.00000
   503    1  I           6669.4902     -21.0593          46.9576          0.00000
   504    1  I           6669.4912     -21.1032          46.8936          0.00000
   505    1  I           6669.4922     -21.1471          46.8587          0.00000
   506    1  I           6669.4932     -21.1910          46.7844          0.00000
   507    1  I           6669.4941     -21.2349          46.7387          0.00000
   508    1  I           6669.4951     -21.2788          46.6741          0.00000
   509    1  I           6669.4961     -21.3227          46.6057          0.00000
   510    1  I           6669.4971     -21.3666          46.4951          0.00000
   511    1  I           6669.4980     -21.4105          46.4224          0.00000
   512    1  I           6669.4990     -21.4544          46.3270          0.00000
   513    1  I           6669.5000     -21.4983          46.2624          0.00000
   514    1  I           6669.5010     -21.5422          46.2077          0.00000
   515    1  I           6669.5020     -21.5861          46.1721          0.00000
   516    1  I           6669.5029     -21.6300          46.1349          0.00000
   517    1  I           6669.5039     -21.6739          46.1391          0.00000
   518    1  I           6669.5049     -21.7178          46.1652          0.00000
   519    1  I           6669.5059     -21.7617          46.1767          0.00000
   520    1  I           6669.5068     -21.8056          46.1876          0.00000
   521    1  I           6669.5078     -21.8495          46.2147          0.00000
   522    1  I           6669.5088     -21.8934          46.2171          0.00000
   523    1  I           6669.5098     -21.9373          46.1931          0.00000
   524    1  I           6669.5107     -21.9812          46.1100          0.00000
   525    1  I           6669.5117     -22.0251          46.0165          0.00000
   526    1  I           6669.5127     -22.0690          45.9699          0.00000
   527    1  I           6669.5137     -22.1129          45.8945          0.00000
   528    1  I           6669.5146     -22.1568          45.8750          0.00000
   529    1  I           6669.5156     -22.2007          45.8566          0.00000
   530    1  I           6669.5166     -22.2446          45.8683          0.00000
   531    1  I           6669.5176     -22.2885          45.9369          0.00000
   532    1  I           6669.5186     -22.3324          46.0389          0.00000
   533    1  I           6669.5195     -22.3763          46.1719          0.00000
   534    1  I           6669.5205     -22.4202          46.2829          0.00000
   535    1  I           6669.5215     -22.4641          46.3381          0.00000
   536    1  I           6669.5225     -22.5080          46.3961          0.00000
   537    1  I           6669.5234     -22.5519          46.3981          0.00000
   538    1  I           6669.5244     -22.5958          46.3264          0.00000
   539    1  I           6669.5254     -22.6397          46.2468          0.00000
   540    1  I           6669.5264     -22.6836          46.1240          0.00000
   541    1  I           6669.5273     -22.7275          45.9740          0.00000
   542    1  I           6669.5283     -22.7714          45.8661          0.00000
   543    1  I           6669.5293     -22.8153          45.7363          0.00000
   544    1  I           6669.5303     -22.8592          45.6550          0.00000
   545    1  I           6669.5312     -22.9031          45.6100          0.00000
   546    1  I           6669.5322     -22.9470          45.5441          0.00000
   547    1  I           6669.5332     -22.9909          45.4765          0.00000
   548    1  I           6669.5342     -23.0348          45.4666          0.00000
   549    1  I           6669.5352     -23.0787          45.4300          0.00000
   550    1  I           6669.5361     -23.1226          45.4256          0.00000
   551    1  I           6669.5371     -23.1665          45.4246          0.00000
   552    1  I           6669.5381     -23.2104          45.4183          0.00000
   553    1  I           6669.5391     -23.2543          45.4115          0.00000
   554    1  I           6669.5400     -23.2982          45.4016          0.00000
   555    1  I           6669.5410     -23.3421          45.3916          0.00000
   556    1  I           6669.5420     -23.3860          45.3917          0.00000
   557    1  I           6669.5430     -23.4299          45.3968          0.00000
   558    1  I           6669.5439     -23.4738          45.3608          0.00000
   559    1  I           6669.5449     -23.5177          45.3746          0.00000
   560    1  I           6669.5459     -23.5616          45.3746          0.00000
   561    1  I           6669.5469     -23.6055          45.3681          0.00000
   562    1  I           6669.5479     -23.6494          45.3788          0.00000
   563    1  I           6669.5488     -23.6933          45.3797          0.00000
   564    1  I           6669.5498     -23.7372          45.3836          0.00000
   565    1  I           6669.5508     -23.7811          45.3858          0.00000
   566    1  I           6669.5518     -23.8250          45.3975          0.00000
   567    1  I           6669.5527     -23.8689          45.3965          0.00000
   568    1  I           6669.5537     -23.9128          45.3982          0.00000
   569    1  I           6669.5547     -23.9567          45.4045          0.00000
   570    1  I           6669.5557     -24.0006          45.4284          0.00000
   571    1  I           6669.5566     -24.0445          45.4831          0.00000
   572    1  I           6669.5576     -24.0884          45.5229          0.00000
   573    1  I           6669.5586     -24.1323          45.6154          0.00000
   574    1  I           6669.5596     -24.1762          45.7031          0.00000
   575    1  I           6669.5605     -24.2201          45.8522          0.00000
   576    1  I           6669.5615     -24.2640          46.0391          0.00000
   577    1  I           6669.5625     -24.3079          46.2710          0.00000
   578    1  I           6669.5635     -24.3518          46.4678          0.00000
   579    1  I           6669.5645     -24.3957          46.7125          0.00000
   580    1  I           6669.5654     -24.4396          46.8795          0.00000
   581    1  I           6669.5664     -24.4835          47.0677          0.00000
   582    1  I           6669.5674     -24.5274          47.1988          0.00000
   583    1  I           6669.5684     -24.5713          47.1660          0.00000
   584    1  I           6669.5693     -24.6152          47.1081          0.00000
   585    1  I           6669.5703     -24.6591          46.9968          0.00000
   586    1  I           6669.5713     -24.7030          46.8323          0.00000
   587    1  I           6669.5723     -24.7469          46.6102          0.00000
   588    1  I           6669.5732     -24.7908          46.3534          0.00000
   589    1  I           6669.5742     -24.8347          46.1359          0.00000
   590    1  I           6669.5752     -24.8786          45.9406          0.00000
   591    1  I           6669.5762     -24.9225          45.7774          0.00000
   592    1  I           6669.5771     -24.9664          45.6527          0.00000
   593    1  I           6669.5781     -25.0103          45.5434          0.00000
   594    1  I           6669.5791     -25.0542          45.5066          0.00000
   595    1  I           6669.5801     -25.0981          45.4411          0.00000
   596    1  I           6669.5811     -25.1420          45.4067          0.00000
   597    1  I           6669.5820     -25.1859          45.3797          0.00000
   598    1  I           6669.5830     -25.2298          45.3634          0.00000
   599    1  I           6669.5840     -25.2737          45.3607          0.00000
   600    1  I           6669.5850     -25.3176          45.3334          0.00000
   601    1  I           6669.5859     -25.3615          45.3417          0.00000
   602    1  I           6669.5869     -25.4054          45.3204          0.00000
   603    1  I           6669.5879     -25.4493          45.3032          0.00000
   604    1  I           6669.5889     -25.4932          45.3183          0.00000
   605    1  I           6669.5898     -25.5371          45.3240          0.00000
   606    1  I           6669.5908     -25.5809          45.3021          0.00000
   607    1  I           6669.5918     -25.6248          45.2968          0.00000
   608    1  I           6669.5928     -25.6687          45.3081          0.00000
   609    1  I           6669.5938     -25.7126          45.2888          0.00000
   610    1  I           6669.5947     -25.7565          45.3229          0.00000
   611    1  I           6669.5957     -25.8004          45.3364          0.00000
   612    1  I           6669.5967     -25.8443          45.3153          0.00000
   613    1  I           6669.5977     -25.8882          45.3046          0.00000
   614    1  I           6669.5986     -25.9321          45.3241          0.00000
   615    1  I           6669.5996     -25.9760          45.3485          0.00000
   616    1  I           6669.6006     -26.0199          45.3284          0.00000
   617    1  I           6669.6016     -26.0638          45.3322          0.00000
   618    1  I           6669.6025     -26.1077          45.2939          0.00000
   619    1  I           6669.6035     -26.1516          45.3215          0.00000
   620    1  I           6669.6045     -26.1955          45.3295          0.00000
   621    1  I           6669.6055     -26.2394          45.3119          0.00000
   622    1  I           6669.6064     -26.2833          45.3305          0.00000
   623    1  I           6669.6074     -26.3272          45.3353          0.00000
   624    1  I           6669.6084     -26.3711          45.3197          0.00000
   625    1  I           6669.6094     -26.4150          45.3208          0.00000
   626    1  I           6669.6104     -26.4589          45.3413          0.00000
   627    1  I           6669.6113     -26.5028          45.3322          0.00000
   628    1  I           6669.6123     -26.5467          45.3315          0.00000
   629    1  I           6669.6133     -26.5906          45.3105          0.00000
   630    1  I           6669.6143     -26.6345          45.3255          0.00000
   631    1  I           6669.6152     -26.6784          45.3077          0.00000
   632    1  I           6669.6162     -26.7223          45.3175          0.00000
   633    1  I           6669.6172     -26.7662          45.2915          0.00000
   634    1  I           6669.6182     -26.8101          45.3063          0.00000
   635    1  I           6669.6191     -26.8540          45.3380          0.00000
   636    1  I           6669.6201     -26.8979          45.3020          0.00000
   637    1  I           6669.6211     -26.9418          45.3078          0.00000
   638    1  I           6669.6221     -26.9857          45.2970          0.00000
   639    1  I           6669.6230     -27.0296          45.3089          0.00000
   640    1  I           6669.6240     -27.0735          45.3227          0.00000
   641    1  I           6669.6250     -27.1174          45.3171          0.00000
   642    1  I           6669.6260     -27.1613          45.3307          0.00000
   643    1  I           6669.6270     -27.2052          45.3283          0.00000
   644    1  I           6669.6279     -27.2491          45.3554          0.00000
   645    1  I           6669.6289     -27.2930          45.3484          0.00000
   646    1  I           6669.6299     -27.3369          45.3534          0.00000
   647    1  I           6669.6309     -27.3808          45.3974          0.00000
   648    1  I           6669.6318     -27.4247          45.3972          0.00000
   649    1  I           6669.6328     -27.4686          45.4364          0.00000
   650    1  I           6669.6338     -27.5125          45.4676          0.00000
   651    1  I           6669.6348     -27.5564          45.5286          0.00000
   652    1  I           6669.6357     -27.6003          45.6422          0.00000
   653    1  I           6669.6367     -27.6442          45.7923          0.00000
   654    1  I           6669.6377     -27.6881          46.0109          0.00000
   655    1  I           6669.6387     -27.7320          46.2900          0.00000
   656    1  I           6669.6396     -27.7759          46.5955          0.00000
   657    1  I           6669.6406     -27.8198          46.8887          0.00000
   658    1  I           6669.6416     -27.8637          47.1471          0.00000
   659    1  I           6669.6426     -27.9076          47.3190          0.00000
   660    1  I           6669.6436     -27.9515          47.3770          0.00000
   661    1  I           6669.6445     -27.9954          47.3376          0.00000
   662    1  I           6669.6455     -28.0393          47.2111          0.00000
   663    1  I           6669.6465     -28.0832          47.0129          0.00000
   664    1  I           6669.6475     -28.1271          46.7733          0.00000
   665    1  I           6669.6484     -28.1710          46.5055          0.00000
   666    1  I           6669.6494     -28.2149          46.2620          0.00000
   667    1  I           6669.6504     -28.2588          46.0264          0.00000
   668    1  I           6669.6514     -28.3027          45.8249          0.00000
   669    1  I           6669.6523     -28.3466          45.6734          0.00000
   670    1  I           6669.6533     -28.3905          45.5638          0.00000
   671    1  I           6669.6543     -28.4344          45.4816          0.00000
   672    1  I           6669.6553     -28.4783          45.4457          0.00000
   673    1  I           6669.6562     -28.5222          45.3929          0.00000
   674    1  I           6669.6572     -28.5661          45.3955          0.00000
   675    1  I           6669.6582     -28.6100          45.3920          0.00000
   676    1  I           6669.6592     -28.6539          45.3983          0.00000
   677    1  I           6669.6602     -28.6978          45.3943          0.00000
   678    1  I           6669.6611     -28.7417          45.3976          0.00000
   679    1  I           6669.6621     -28.7856          45.3967          0.00000
   680    1  I           6669.6631     -28.8295          45.3837          0.00000
   681    1  I           6669.6641     -28.8734          45.3686          0.00000
   682    1  I           6669.6650     -28.9173          45.3717          0.00000
   683    1  I           6669.6660     -28.9612          45.3753          0.00000
   684    1  I           6669.6670     -29.0051          45.3633          0.00000
   685    1  I           6669.6680     -29.0490          45.3615          0.00000
   686    1  I           6669.6689     -29.0929          45.3770          0.00000
   687    1  I           6669.6699     -29.1368          45.3720          0.00000
   688    1  I           6669.6709     -29.1807          45.3906          0.00000
   689    1  I           6669.6719     -29.2246          45.4270          0.00000
   690    1  I           6669.6729     -29.2685          45.4242          0.00000
   691    1  I           6669.6738     -29.3124          45.3998          0.00000
   692    1  I           6669.6748     -29.3563          45.4029          0.00000
   693    1  I           6669.6758     -29.4002          45.4041          0.00000
   694    1  I           6669.6768     -29.4441          45.4362          0.00000
   695    1  I           6669.6777     -29.4880          45.4458          0.00000
   696    1  I           6669.6787     -29.5319          45.4621          0.00000
   697    1  I           6669.6797     -29.5758          45.4925          0.00000
   698    1  I           6669.6807     -29.6197          45.5193          0.00000
   699    1  I           6669.6816     -29.6636          45.5801          0.00000
   700    1  I           6669.6826     -29.7075          45.6672          0.00000
   701    1  I           6669.6836     -29.7514          45.7905          0.00000
   702    1  I           6669.6846     -29.7953          45.9169          0.00000
   703    1  I           6669.6855     -29.8392          46.1238          0.00000
   704    1  I           6669.6865     -29.8831          46.2938          0.00000
   705    1  I           6669.6875     -29.9270          46.4468          0.00000
   706    1  I           6669.6885     -29.9709          46.5382          0.00000
   707    1  I           6669.6895     -30.0148          46.5460          0.00000
   708    1  I           6669.6904     -30.0587          46.4570          0.00000
   709    1  I           6669.6914     -30.1026          46.3411          0.00000
   710    1  I           6669.6924     -30.1465          46.1773          0.00000
   711    1  I           6669.6934     -30.1904          46.0170          0.00000
   712    1  I           6669.6943     -30.2343          45.8742          0.00000
   713    1  I           6669.6953     -30.2782          45.7882          0.00000
   714    1  I           6669.6963     -30.3221          45.7357          0.00000
   715    1  I           6669.6973     -30.3660          45.7886          0.00000
   716    1  I           6669.6982     -30.4099          45.8332          0.00000
   717    1  I           6669.6992     -30.4538          45.9228          0.00000
   718    1  I           6669.7002     -30.4977          46.0446          0.00000
   719    1  I           6669.7012     -30.5416          46.1814          0.00000
   720    1  I           6669.7021     -30.5855          46.2340          0.00000
   721    1  I           6669.7031     -30.6294          46.2720          0.00000
   722    1  I           6669.7041     -30.6733          46.2482          0.00000
   723    1  I           6669.7051     -30.7172          46.2250          0.00000
   724    1  I           6669.7061     -30.7611          46.1480          0.00000
   725    1  I           6669.7070     -30.8050          46.1058          0.00000
   726    1  I           6669.7080     -30.8489          46.0957          0.00000
   727    1  I           6669.7090     -30.8928          46.1148          0.00000
   728    1  I           6669.7100     -30.9367          46.1306          0.00000
   729    1  I           6669.7109     -30.9806          46.1707          0.00000
   730    1  I           6669.7119     -31.0245          46.2087          0.00000
   731    1  I           6669.7129     -31.0684          46.2982          0.00000
   732    1  I           6669.7139     -31.1123          46.3831          0.00000
   733    1  I           6669.7148     -31.1562          46.4901          0.00000
   734    1  I           6669.7158     -31.2001          46.6082          0.00000
   735    1  I           6669.7168     -31.2440          46.6549          0.00000
   736    1  I           6669.7178     -31.2879          46.7354          0.00000
   737    1  I           6669.7188     -31.3318          46.7998          0.00000
   738    1  I           6669.7197     -31.3757          46.8448          0.00000
   739    1  I           6669.7207     -31.4196          46.9274          0.00000
   740    1  I           6669.7217     -31.4635          46.9508          0.00000
   741    1  I           6669.7227     -31.5074          47.0009          0.00000
   742    1  I           6669.7236     -31.5513          47.0485          0.00000
   743    1  I           6669.7246     -31.5952          47.1086          0.00000
   744    1  I           6669.7256     -31.6391          47.1547          0.00000
   745    1  I           6669.7266     -31.6830          47.0933          0.00000
   746    1  I           6669.7275     -31.7269          47.0723          0.00000
   747    1  I           6669.7285     -31.7708          47.0722          0.00000
   748    1  I           6669.7295     -31.8147          47.1109          0.00000
   749    1  I           6669.7305     -31.8586          47.1522          0.00000
   750    1  I           6669.7314     -31.9025          47.1700          0.00000
   751    1  I           6669.7324     -31.9464          47.1844          0.00000
   752    1  I           6669.7334     -31.9903          47.3061          0.00000
   753    1  I           6669.7344     -32.0342          47.5054          0.00000
   754    1  I           6669.7354     -32.0781          47.8229          0.00000
   755    1  I           6669.7363     -32.1220          48.1652          0.00000
   756    1  I           6669.7373     -32.1659          48.6768          0.00000
   757    1  I           6669.7383     -32.2098          49.2863          0.00000
   758    1  I           6669.7393     -32.2537          50.0765          0.00000
   759    1  I           6669.7402     -32.2976          50.9545          0.00000
   760    1  I           6669.7412     -32.3415          51.8696          0.00000
   761    1  I           6669.7422     -32.3854          52.6637          0.00000
   762    1  I           6669.7432     -32.4293          53.5099          0.00000
   763    1  I           6669.7441     -32.4732          54.3518          0.00000
   764    1  I           6669.7451     -32.5171          55.3830          0.00000
   765    1  I           6669.7461     -32.5610          56.6703          0.00000
   766    1  I           6669.7471     -32.6049          57.9977          0.00000
   767    1  I           6669.7480     -32.6488          59.1466          0.00000
   768    1  I           6669.7490     -32.6927          60.1366          0.00000
   769    1  I           6669.7500     -32.7366          61.3091          0.00000
   770    1  I           6669.7510     -32.7805          62.8183          0.00000
   771    1  I           6669.7520     -32.8244          64.1322          0.00000
   772    1  I           6669.7529     -32.8683          65.2424          0.00000
   773    1  I           6669.7539     -32.9122          66.6749          0.00000
   774    1  I           6669.7549     -32.9561          67.9980          0.00000
   775    1  I           6669.7559     -33.0000          68.3928          0.00000
   776    1  I           6669.7568     -33.0438          67.7613          0.00000
   777    1  I           6669.7578     -33.0877          66.3497          0.00000
   778    1  I           6669.7588     -33.1316          64.4388          0.00000
   779    1  I           6669.7598     -33.1755          62.8415          0.00000
   780    1  I           6669.7607     -33.2194          62.1034          0.00000
   781    1  I           6669.7617     -33.2633          63.0802          0.00000
   782    1  I           6669.7627     -33.3072          66.3463          0.00000
   783    1  I           6669.7637     -33.3511          72.4861          0.00000
   784    1  I           6669.7646     -33.3950          81.5988          0.00000
   785    1  I           6669.7656     -33.4389          92.9593          0.00000
   786    1  I           6669.7666     -33.4828          105.701          0.00000
   787    1  I           6669.7676     -33.5267          119.115          0.00000
   788    1  I           6669.7686     -33.5706          132.503          0.00000
   789    1  I           6669.7695     -33.6145          145.515          0.00000
   790    1  I           6669.7705     -33.6584          158.868          0.00000
   791    1  I           6669.7715     -33.7023          172.949          0.00000
   792    1  I           6669.7725     -33.7462          189.221          0.00000
   793    1  I           6669.7734     -33.7901          207.356          0.00000
   794    1  I           6669.7744     -33.8340          225.787          0.00000
   795    1  I           6669.7754     -33.8779          240.846          0.00000
   796    1  I           6669.7764     -33.9218          248.602          0.00000
   797    1  I           6669.7773     -33.9657          246.439          0.00000
   798    1  I           6669.7783     -34.0096          234.932          0.00000
   799    1  I           6669.7793     -34.0535          216.579          0.00000
   800    1  I           6669.7803     -34.0974          196.408          0.00000
   801    1  I           6669.7812     -34.1413          179.025          0.00000
   802    1  I           6669.7822     -34.1852          168.323          0.00000
   803    1  I           6669.7832     -34.2291          166.863          0.00000
   804    1  I           6669.7842     -34.2730          175.353          0.00000
   805    1  I           6669.7852     -34.3169          191.635          0.00000
   806    1  I           6669.7861     -34.3608          209.542          0.00000
   807    1  I           6669.7871     -34.4047          222.699          0.00000
   808    1  I           6669.7881     -34.4486          228.099          0.00000
   809    1  I           6669.7891     -34.4925          227.601          0.00000
   810    1  I           6669.7900     -34.5364          225.215          0.00000
   811    1  I           6669.7910     -34.5803          223.853          0.00000
   812    1  I           6669.7920     -34.6242          226.480          0.00000
   813    1  I           6669.7930     -34.6681          236.253          0.00000
   814    1  I           6669.7939     -34.7120          258.143          0.00000
   815    1  I           6669.7949     -34.7559          291.855          0.00000
   816    1  I           6669.7959     -34.7998          328.873          0.00000
   817    1  I           6669.7969     -34.8437          356.130          0.00000
   818    1  I           6669.7979     -34.8876          364.604          0.00000
   819    1  I           6669.7988     -34.9315          351.833          0.00000
   820    1  I           6669.7998     -34.9754          320.301          0.00000
   821    1  I           6669.8008     -35.0193          274.854          0.00000
   822    1  I           6669.8018     -35.0632          224.347          0.00000
   823    1  I           6669.8027     -35.1071          179.916          0.00000
   824    1  I           6669.8037     -35.1510          147.899          0.00000
   825    1  I           6669.8047     -35.1949          127.944          0.00000
   826    1  I           6669.8057     -35.2388          116.501          0.00000
   827    1  I           6669.8066     -35.2827          111.344          0.00000
   828    1  I           6669.8076     -35.3266          111.328          0.00000
   829    1  I           6669.8086     -35.3705          118.911          0.00000
   830    1  I           6669.8096     -35.4144          141.651          0.00000
   831    1  I           6669.8105     -35.4583          192.150          0.00000
   832    1  I           6669.8115     -35.5022          275.987          0.00000
   833    1  I           6669.8125     -35.5461          378.078          0.00000
   834    1  I           6669.8135     -35.5900          463.514          0.00000
   835    1  I           6669.8145     -35.6339          497.294          0.00000
   836    1  I           6669.8154     -35.6778          464.672          0.00000
   837    1  I           6669.8164     -35.7217          381.179          0.00000
   838    1  I           6669.8174     -35.7656          285.596          0.00000
   839    1  I           6669.8184     -35.8095          214.149          0.00000
   840    1  I           6669.8193     -35.8534          172.468          0.00000
   841    1  I           6669.8203     -35.8973          147.629          0.00000
   842    1  I           6669.8213     -35.9412          132.040          0.00000
   843    1  I           6669.8223     -35.9851          125.924          0.00000
   844    1  I           6669.8232     -36.0290          130.069          0.00000
   845    1  I           6669.8242     -36.0729          141.161          0.00000
   846    1  I           6669.8252     -36.1168          155.155          0.00000
   847    1  I           6669.8262     -36.1607          168.842          0.00000
   848    1  I           6669.8271     -36.2046          180.684          0.00000
   849    1  I           6669.8281     -36.2485          191.146          0.00000
   850    1  I           6669.8291     -36.2924          204.108          0.00000
   851    1  I           6669.8301     -36.3363          225.945          0.00000
   852    1  I           6669.8311     -36.3802          257.310          0.00000
   853    1  I           6669.8320     -36.4241          289.073          0.00000
   854    1  I           6669.8330     -36.4680          311.617          0.00000
   855    1  I           6669.8340     -36.5119          325.062          0.00000
   856    1  I           6669.8350     -36.5558          340.212          0.00000
   857    1  I           6669.8359     -36.5997          360.499          0.00000
   858    1  I           6669.8369     -36.6436          374.818          0.00000
   859    1  I           6669.8379     -36.6875          370.962          0.00000
   860    1  I           6669.8389     -36.7314          343.190          0.00000
   861    1  I           6669.8398     -36.7753          295.469          0.00000
   862    1  I           6669.8408     -36.8192          240.332          0.00000
   863    1  I           6669.8418     -36.8631          193.907          0.00000
   864    1  I           6669.8428     -36.9070          165.019          0.00000
   865    1  I           6669.8438     -36.9509          152.402          0.00000
   866    1  I           6669.8447     -36.9948          149.957          0.00000
   867    1  I           6669.8457     -37.0387          153.707          0.00000
   868    1  I           6669.8467     -37.0826          162.018          0.00000
   869    1  I           6669.8477     -37.1265          176.993          0.00000
   870    1  I           6669.8486     -37.1704          203.118          0.00000
   871    1  I           6669.8496     -37.2143          242.163          0.00000
   872    1  I           6669.8506     -37.2582          289.149          0.00000
   873    1  I           6669.8516     -37.3021          335.585          0.00000
   874    1  I           6669.8525     -37.3460          373.211          0.00000
   875    1  I           6669.8535     -37.3899          399.285          0.00000
   876    1  I           6669.8545     -37.4338          413.993          0.00000
   877    1  I           6669.8555     -37.4777          418.596          0.00000
   878    1  I           6669.8564     -37.5216          411.604          0.00000
   879    1  I           6669.8574     -37.5655          389.027          0.00000
   880    1  I           6669.8584     -37.6094          345.772          0.00000
   881    1  I           6669.8594     -37.6533          288.343          0.00000
   882    1  I           6669.8604     -37.6972          234.959          0.00000
   883    1  I           6669.8613     -37.7411          204.525          0.00000
   884    1  I           6669.8623     -37.7850          201.873          0.00000
   885    1  I           6669.8633     -37.8289          219.175          0.00000
   886    1  I           6669.8643     -37.8728          245.696          0.00000
   887    1  I           6669.8652     -37.9167          274.629          0.00000
   888    1  I           6669.8662     -37.9606          301.132          0.00000
   889    1  I           6669.8672     -38.0045          321.157          0.00000
   890    1  I           6669.8682     -38.0484          329.909          0.00000
   891    1  I           6669.8691     -38.0923          323.952          0.00000
   892    1  I           6669.8701     -38.1362          305.904          0.00000
   893    1  I           6669.8711     -38.1801          283.895          0.00000
   894    1  I           6669.8721     -38.2240          268.908          0.00000
   895    1  I           6669.8730     -38.2679          265.614          0.00000
   896    1  I           6669.8740     -38.3118          271.964          0.00000
   897    1  I           6669.8750     -38.3557          283.908          0.00000
   898    1  I           6669.8760     -38.3996          299.568          0.00000
   899    1  I           6669.8770     -38.4435          317.182          0.00000
   900    1  I           6669.8779     -38.4874          338.430          0.00000
   901    1  I           6669.8789     -38.5313          382.939          0.00000
   902    1  I           6669.8799     -38.5752          491.307          0.00000
   903    1  I           6669.8809     -38.6191          659.599          0.00000
   904    1  I           6669.8818     -38.6630          794.258          0.00000
   905    1  I           6669.8828     -38.7069          828.563          0.00000
   906    1  I           6669.8838     -38.7508          781.591          0.00000
   907    1  I           6669.8848     -38.7947          700.969          0.00000
   908    1  I           6669.8857     -38.8386          614.451          0.00000
   909    1  I           6669.8867     -38.8825          521.579          0.00000
   910    1  I           6669.8877     -38.9264          430.595          0.00000
   911    1  I           6669.8887     -38.9703          358.792          0.00000
   912    1  I           6669.8896     -39.0142          310.784          0.00000
   913    1  I           6669.8906     -39.0581          271.166          0.00000
   914    1  I           6669.8916     -39.1020          227.353          0.00000
   915    1  I           6669.8926     -39.1459          181.317          0.00000
   916    1  I           6669.8936     -39.1898          139.869          0.00000
   917    1  I           6669.8945     -39.2337          106.871          0.00000
   918    1  I           6669.8955     -39.2776          84.7567          0.00000
   919    1  I           6669.8965     -39.3215          72.5034          0.00000
   920    1  I           6669.8975     -39.3654          66.6671          0.00000
   921    1  I           6669.8984     -39.4093          63.7146          0.00000
   922    1  I           6669.8994     -39.4532          61.3501          0.00000
   923    1  I           6669.9004     -39.4971          58.7888          0.00000
   924    1  I           6669.9014     -39.5410          56.6173          0.00000
   925    1  I           6669.9023     -39.5849          55.6369          0.00000
   926    1  I           6669.9033     -39.6288          55.9929          0.00000
   927    1  I           6669.9043     -39.6727          56.7526          0.00000
   928    1  I           6669.9053     -39.7166          56.6953          0.00000
   929    1  I           6669.9062     -39.7605          55.2863          0.00000
   930    1  I           6669.9072     -39.8044          53.2073          0.00000
   931    1  I           6669.9082     -39.8483          51.1257          0.00000
   932    1  I           6669.9092     -39.8922          49.4827          0.00000
   933    1  I           6669.9102     -39.9361          48.2520          0.00000
   934    1  I           6669.9111     -39.9800          47.4196          0.00000
   935    1  I           6669.9121     -40.0239          46.8760          0.00000
   936    1  I           6669.9131     -40.0678          46.4782          0.00000
   937    1  I           6669.9141     -40.1117          46.1828          0.00000
   938    1  I           6669.9150     -40.1556          45.9513          0.00000
   939    1  I           6669.9160     -40.1995          45.7464          0.00000
   940    1  I           6669.9170     -40.2434          45.5425          0.00000
   941    1  I           6669.9180     -40.2873          45.3198          0.00000
   942    1  I           6669.9189     -40.3312          45.1847          0.00000
   943    1  I           6669.9199     -40.3750          45.0955          0.00000
   944    1  I           6669.9209     -40.4189          45.0505          0.00000
   945    1  I           6669.9219     -40.4628          44.9963          0.00000
   946    1  I           6669.9229     -40.5067          44.9654          0.00000
   947    1  I           6669.9238     -40.5506          44.9395          0.00000
   948    1  I           6669.9248     -40.5945          44.9174          0.00000
   949    1  I           6669.9258     -40.6384          44.9057          0.00000
   950    1  I           6669.9268     -40.6823          44.9247          0.00000
   951    1  I           6669.9277     -40.7262          44.8919          0.00000
   952    1  I           6669.9287     -40.7701          44.9216          0.00000
   953    1  I           6669.9297     -40.8140          44.8920          0.00000
   954    1  I           6669.9307     -40.8579          44.8991          0.00000
   955    1  I           6669.9316     -40.9018          44.8994          0.00000
   956    1  I           6669.9326     -40.9457          44.8769          0.00000
   957    1  I           6669.9336     -40.9896          44.8653          0.00000
   958    1  I           6669.9346     -41.0335          44.8854          0.00000
   959    1  I           6669.9355     -41.0774          44.8548          0.00000
   960    1  I           6669.9365     -41.1213          44.8644          0.00000
   961    1  I           6669.9375     -41.1652          44.8569          0.00000
   962    1  I           6669.9385     -41.2091          44.8211          0.00000
   963    1  I           6669.9395     -41.2530          44.8108          0.00000
   964    1  I           6669.9404     -41.2969          44.8043          0.00000
   965    1  I           6669.9414     -41.3408          44.8249          0.00000
   966    1  I           6669.9424     -41.3847          44.8261          0.00000
   967    1  I           6669.9434     -41.4286          44.8280          0.00000
   968    1  I           6669.9443     -41.4725          44.8184          0.00000
   969    1  I           6669.9453     -41.5164          44.8150          0.00000
   970    1  I           6669.9463     -41.5603          44.8099          0.00000
   971    1  I           6669.9473     -41.6042          44.8225          0.00000
   972    1  I           6669.9482     -41.6481          44.8185          0.00000
   973    1  I           6669.9492     -41.6920          44.8058          0.00000
   974    1  I           6669.9502     -41.7359          44.8120          0.00000
   975    1  I           6669.9512     -41.7798          44.8203          0.00000
   976    1  I           6669.9521     -41.8237          44.8126          0.00000
   977    1  I           6669.9531     -41.8676          44.8169          0.00000
   978    1  I           6669.9541     -41.9115          44.8224          0.00000
   979    1  I           6669.9551     -41.9554          44.8122          0.00000
   980    1  I           6669.9561     -41.9993          44.8097          0.00000
   981    1  I           6669.9570     -42.0432          44.8153          0.00000
   982    1  I           6669.9580     -42.0871          44.8177          0.00000
   983    1  I           6669.9590     -42.1310          44.8144          0.00000
   984    1  I           6669.9600     -42.1749          44.8088          0.00000
   985    1  I           6669.9609     -42.2188          44.8013          0.00000
   986    1  I           6669.9619     -42.2627          44.8535          0.00000
   987    1  I           6669.9629     -42.3066          44.8080          0.00000
   988    1  I           6669.9639     -42.3505          44.8256          0.00000
   989    1  I           6669.9648     -42.3944          44.8181          0.00000
   990    1  I           6669.9658     -42.4383          44.8441          0.00000
   991    1  I           6669.9668     -42.4822          44.8306          0.00000
   992    1  I           6669.9678     -42.5261          44.8371          0.00000
   993    1  I           6669.9688     -42.5700          44.8083          0.00000
   994    1  I           6669.9697     -42.6139          44.8534          0.00000
   995    1  I           6669.9707     -42.6578          44.8191          0.00000
   996    1  I           6669.9717     -42.7017          44.8505          0.00000
   997    1  I           6669.9727     -42.7456          44.8174          0.00000
   998    1  I           6669.9736     -42.7895          44.8139          0.00000
   999    1  I           6669.9746     -42.8334          44.8122          0.00000
  1000    1  I           6669.9756     -42.8773          44.8152          0.00000
  1001    1  I           6669.9766     -42.9212          44.8688          0.00000
  1002    1  I           6669.9775     -42.9651          44.8489          0.00000
  1003    1  I           6669.9785     -43.0090          44.8512          0.00000
  1004    1  I           6669.9795     -43.0529          44.8664          0.00000
  1005    1  I           6669.9805     -43.0968          44.8676          0.00000
  1006    1  I           6669.9814     -43.1407          44.8757          0.00000
  1007    1  I           6669.9824     -43.1846          44.8879          0.00000
  1008    1  I           6669.9834     -43.2285          44.8821          0.00000
  1009    1  I           6669.9844     -43.2724          44.8663          0.00000
  1010    1  I           6669.9854     -43.3163          44.8536          0.00000
  1011    1  I           6669.9863     -43.3602          44.8648          0.00000
  1012    1  I           6669.9873     -43.4041          44.8771          0.00000
  1013    1  I           6669.9883     -43.4480          44.8595          0.00000
  1014    1  I           6669.9893     -43.4919          44.8747          0.00000
  1015    1  I           6669.9902     -43.5358          44.8691          0.00000
  1016    1  I           6669.9912     -43.5797          44.8851          0.00000
  1017    1  I           6669.9922     -43.6236          44.8806          0.00000
  1018    1  I           6669.9932     -43.6675          44.8731          0.00000
  1019    1  I           6669.9941     -43.7114          44.8875          0.00000
  1020    1  I           6669.9951     -43.7553          44.8771          0.00000
  1021    1  I           6669.9961     -43.7992          44.8991          0.00000
  1022    1  I           6669.9971     -43.8431          44.9194          0.00000
  1023    1  I           6669.9980     -43.8870          44.8954          0.00000
  1024    1  I           6669.9990     -43.9309          44.9022          0.00000
