   588    1  I           6678.8372     -444.740          88.3194          0.00000
   589    1  I           6678.8540     -445.493          88.2904          0.00000
   590    1  I           6678.8708     -446.247          88.2594          0.00000
   591    1  I           6678.8875     -447.000          88.2773          0.00000
   592    1  I           6678.9043     -447.753          88.2393          0.00000
   593    1  I           6678.9210     -448.507          88.2946          0.00000
   594    1  I           6678.9378     -449.260          88.2925          0.00000
   595    1  I           6678.9545     -450.013          88.2441          0.00000
   596    1  I           6678.9713     -450.767          88.2563          0.00000
   597    1  I           6678.9881     -451.520          88.2833          0.00000
   598    1  I           6679.0048     -452.274          88.2515          0.00000
   599    1  I           6679.0216     -453.027          88.2471          0.00000
   600    1  I           6679.0383     -453.780          88.2969          0.00000
   601    1  I           6679.0551     -454.534          88.2696          0.00000
   602    1  I           6679.0719     -455.287          88.2596          0.00000
   603    1  I           6679.0886     -456.040          88.2655          0.00000
   604    1  I           6679.1054     -456.794          88.2480          0.00000
   605    1  I           6679.1221     -457.547          88.2452          0.00000
   606    1  I           6679.1389     -458.300          88.2193          0.00000
   607    1  I           6679.1556     -459.054          88.2526          0.00000
   608    1  I           6679.1724     -459.807          88.2290          0.00000
   609    1  I           6679.1892     -460.560          88.2478          0.00000
   610    1  I           6679.2059     -461.314          88.2462          0.00000
   611    1  I           6679.2227     -462.067          88.2444          0.00000
   612    1  I           6679.2394     -462.820          88.2547          0.00000
   613    1  I           6679.2562     -463.574          88.2904          0.00000
   614    1  I           6679.2730     -464.327          88.2177          0.00000
   615    1  I           6679.2897     -465.081          88.2693          0.00000
   616    1  I           6679.3065     -465.834          88.2639          0.00000
   617    1  I           6679.3232     -466.587          88.3518          0.00000
   618    1  I           6679.3400     -467.341          88.4234          0.00000
   619    1  I           6679.3567     -468.094          88.4154          0.00000
   620    1  I           6679.3735     -468.847          88.4032          0.00000
   621    1  I           6679.3903     -469.601          88.3633          0.00000
   622    1  I           6679.4070     -470.354          88.3723          0.00000
   623    1  I           6679.4238     -471.107          88.2655          0.00000
   624    1  I           6679.4405     -471.861          88.2748          0.00000
   625    1  I           6679.4573     -472.614          88.2180          0.00000
   626    1  I           6679.4741     -473.367          88.1912          0.00000
   627    1  I           6679.4908     -474.121          88.1947          0.00000
   628    1  I           6679.5076     -474.874          88.1907          0.00000
   629    1  I           6679.5243     -475.627          88.2201          0.00000
   630    1  I           6679.5411     -476.381          88.1768          0.00000
   631    1  I           6679.5578     -477.134          88.1852          0.00000
   632    1  I           6679.5746     -477.888          88.1855          0.00000
   633    1  I           6679.5914     -478.641          88.1843          0.00000
   634    1  I           6679.6081     -479.394          88.2302          0.00000
   635    1  I           6679.6249     -480.148          88.1886          0.00000
   636    1  I           6679.6416     -480.901          88.1733          0.00000
   637    1  I           6679.6584     -481.654          88.1915          0.00000
   638    1  I           6679.6752     -482.408          88.1947          0.00000
   639    1  I           6679.6919     -483.161          88.2085          0.00000
   640    1  I           6679.7087     -483.914          88.2795          0.00000
   641    1  I           6679.7254     -484.668          88.2462          0.00000
   642    1  I           6679.7422     -485.421          88.2207          0.00000
   643    1  I           6679.7590     -486.174          88.2626          0.00000
   644    1  I           6679.7757     -486.928          88.2843          0.00000
   645    1  I           6679.7925     -487.681          88.2471          0.00000
   646    1  I           6679.8092     -488.434          88.2437          0.00000
   647    1  I           6679.8260     -489.188          88.2909          0.00000
   648    1  I           6679.8427     -489.941          88.3303          0.00000
   649    1  I           6679.8595     -490.695          88.4206          0.00000
   650    1  I           6679.8763     -491.448          88.4763          0.00000
   651    1  I           6679.8930     -492.201          88.5980          0.00000
   652    1  I           6679.9098     -492.955          88.8246          0.00000
   653    1  I           6679.9265     -493.708          89.0563          0.00000
   654    1  I           6679.9433     -494.461          89.2654          0.00000
   655    1  I           6679.9601     -495.215          89.5471          0.00000
   656    1  I           6679.9768     -495.968          89.7539          0.00000
   657    1  I           6679.9936     -496.721          89.8502          0.00000
   658    1  I           6680.0103     -497.475          89.7021          0.00000
   659    1  I           6680.0271     -498.228          89.5839          0.00000
   660    1  I           6680.0438     -498.981          89.3633          0.00000
   661    1  I           6680.0606     -499.735          89.1803          0.00000
   662    1  I           6680.0774     -500.488          89.1181          0.00000
   663    1  I           6680.0941     -501.241          89.5201          0.00000
   664    1  I           6680.1109     -501.995          91.0585          0.00000
   665    1  I           6680.1276     -502.748          94.2063          0.00000
   666    1  I           6680.1444     -503.502          98.1485          0.00000
   667    1  I           6680.1612     -504.255          102.047          0.00000
   668    1  I           6680.1779     -505.008          105.954          0.00000
   669    1  I           6680.1947     -505.762          110.831          0.00000
   670    1  I           6680.2114     -506.515          116.991          0.00000
   671    1  I           6680.2282     -507.268          123.463          0.00000
   672    1  I           6680.2449     -508.022          128.916          0.00000
   673    1  I           6680.2617     -508.775          132.680          0.00000
   674    1  I           6680.2785     -509.528          134.345          0.00000
   675    1  I           6680.2952     -510.282          134.296          0.00000
   676    1  I           6680.3120     -511.035          132.999          0.00000
   677    1  I           6680.3287     -511.788          131.436          0.00000
   678    1  I           6680.3455     -512.542          129.181          0.00000
   679    1  I           6680.3623     -513.295          125.876          0.00000
   680    1  I           6680.3790     -514.048          121.445          0.00000
   681    1  I           6680.3958     -514.802          116.657          0.00000
   682    1  I           6680.4125     -515.555          111.831          0.00000
   683    1  I           6680.4293     -516.308          106.512          0.00000
   684    1  I           6680.4460     -517.062          100.868          0.00000
   685    1  I           6680.4628     -517.815          95.8480          0.00000
   686    1  I           6680.4796     -518.569          92.6356          0.00000
   687    1  I           6680.4963     -519.322          91.5429          0.00000
   688    1  I           6680.5131     -520.075          92.0969          0.00000
   689    1  I           6680.5298     -520.829          94.0324          0.00000
   690    1  I           6680.5466     -521.582          97.0808          0.00000
   691    1  I           6680.5634     -522.335          100.928          0.00000
   692    1  I           6680.5801     -523.089          104.707          0.00000
   693    1  I           6680.5969     -523.842          108.544          0.00000
   694    1  I           6680.6136     -524.595          113.100          0.00000
   695    1  I           6680.6304     -525.349          118.424          0.00000
   696    1  I           6680.6472     -526.102          123.799          0.00000
   697    1  I           6680.6639     -526.855          128.806          0.00000
   698    1  I           6680.6807     -527.609          132.408          0.00000
   699    1  I           6680.6974     -528.362          131.300          0.00000
   700    1  I           6680.7142     -529.115          123.954          0.00000
   701    1  I           6680.7309     -529.869          112.020          0.00000
   702    1  I           6680.7477     -530.622          99.8755          0.00000
   703    1  I           6680.7645     -531.376          92.2585          0.00000
   704    1  I           6680.7812     -532.129          89.5119          0.00000
   705    1  I           6680.7980     -532.882          88.8303          0.00000
   706    1  I           6680.8147     -533.636          88.5860          0.00000
   707    1  I           6680.8315     -534.389          88.4077          0.00000
   708    1  I           6680.8483     -535.142          88.3411          0.00000
   709    1  I           6680.8650     -535.896          88.2390          0.00000
   710    1  I           6680.8818     -536.649          88.1839          0.00000
   711    1  I           6680.8985     -537.402          88.1184          0.00000
   712    1  I           6680.9153     -538.156          88.1961          0.00000
   713    1  I           6680.9320     -538.909          88.0929          0.00000
   714    1  I           6680.9488     -539.662          88.0534          0.00000
   715    1  I           6680.9656     -540.416          88.0482          0.00000
   716    1  I           6680.9823     -541.169          87.9995          0.00000
   717    1  I           6680.9991     -541.922          88.0016          0.00000
   718    1  I           6681.0158     -542.676          87.9649          0.00000
   719    1  I           6681.0326     -543.429          87.9686          0.00000
   720    1  I           6681.0494     -544.183          87.9864          0.00000
   721    1  I           6681.0661     -544.936          87.9680          0.00000
   722    1  I           6681.0829     -545.689          87.9796          0.00000
   723    1  I           6681.0996     -546.443          87.9874          0.00000
   724    1  I           6681.1164     -547.196          87.9479          0.00000
   725    1  I           6681.1331     -547.949          88.0063          0.00000
   726    1  I           6681.1499     -548.703          88.0120          0.00000
   727    1  I           6681.1667     -549.456          87.9341          0.00000
   728    1  I           6681.1834     -550.209          87.9109          0.00000
   729    1  I           6681.2002     -550.963          87.8988          0.00000
   730    1  I           6681.2169     -551.716          87.9294          0.00000
   731    1  I           6681.2337     -552.469          87.9345          0.00000
   732    1  I           6681.2505     -553.223          87.9212          0.00000
   733    1  I           6681.2672     -553.976          87.9708          0.00000
   734    1  I           6681.2840     -554.729          87.9377          0.00000
   735    1  I           6681.3007     -555.483          87.9118          0.00000
   736    1  I           6681.3175     -556.236          87.9256          0.00000
   737    1  I           6681.3342     -556.990          87.9401          0.00000
   738    1  I           6681.3510     -557.743          87.9654          0.00000
   739    1  I           6681.3678     -558.496          87.9539          0.00000
   740    1  I           6681.3845     -559.250          87.9149          0.00000
   741    1  I           6681.4013     -560.003          87.9337          0.00000
   742    1  I           6681.4180     -560.756          87.9258          0.00000
   743    1  I           6681.4348     -561.510          87.9359          0.00000
   744    1  I           6681.4516     -562.263          87.9258          0.00000
   745    1  I           6681.4683     -563.016          87.9321          0.00000
   746    1  I           6681.4851     -563.770          87.9480          0.00000
   747    1  I           6681.5018     -564.523          87.9247          0.00000
   748    1  I           6681.5186     -565.276          87.9448          0.00000
   749    1  I           6681.5354     -566.030          87.9262          0.00000
   750    1  I           6681.5521     -566.783          87.9013          0.00000
   751    1  I           6681.5689     -567.536          87.9677          0.00000
   752    1  I           6681.5856     -568.290          87.9112          0.00000
   753    1  I           6681.6024     -569.043          87.9457          0.00000
   754    1  I           6681.6191     -569.797          87.8588          0.00000
   755    1  I           6681.6359     -570.550          87.8936          0.00000
   756    1  I           6681.6527     -571.303          87.9481          0.00000
   757    1  I           6681.6694     -572.057          87.8798          0.00000
   758    1  I           6681.6862     -572.810          87.9494          0.00000
   759    1  I           6681.7029     -573.563          87.9117          0.00000
   760    1  I           6681.7197     -574.317          87.9423          0.00000
   761    1  I           6681.7365     -575.070          87.9480          0.00000
   762    1  I           6681.7532     -575.823          87.9530          0.00000
   763    1  I           6681.7700     -576.577          87.9953          0.00000
   764    1  I           6681.7867     -577.330          88.0196          0.00000
   765    1  I           6681.8035     -578.083          87.9938          0.00000
   766    1  I           6681.8202     -578.837          88.0100          0.00000
   767    1  I           6681.8370     -579.590          87.9999          0.00000
   768    1  I           6681.8538     -580.344          88.0105          0.00000
   769    1  I           6681.8705     -581.097          88.0335          0.00000
   770    1  I           6681.8873     -581.850          88.0244          0.00000
   771    1  I           6681.9040     -582.604          88.0087          0.00000
   772    1  I           6681.9208     -583.357          88.0274          0.00000
   773    1  I           6681.9376     -584.110          88.0679          0.00000
   774    1  I           6681.9543     -584.864          87.9799          0.00000
   775    1  I           6681.9711     -585.617          88.0827          0.00000
   776    1  I           6681.9878     -586.370          88.0122          0.00000
   777    1  I           6682.0046     -587.124          88.1184          0.00000
   778    1  I           6682.0213     -587.877          88.2087          0.00000
   779    1  I           6682.0381     -588.630          88.3838          0.00000
   780    1  I           6682.0549     -589.384          88.8655          0.00000
   781    1  I           6682.0716     -590.137          89.4525          0.00000
   782    1  I           6682.0884     -590.890          90.2496          0.00000
   783    1  I           6682.1051     -591.644          91.0585          0.00000
   784    1  I           6682.1219     -592.397          91.5913          0.00000
   785    1  I           6682.1387     -593.151          91.9368          0.00000
   786    1  I           6682.1554     -593.904          91.9697          0.00000
   787    1  I           6682.1722     -594.657          91.6230          0.00000
   788    1  I           6682.1889     -595.411          91.2627          0.00000
   789    1  I           6682.2057     -596.164          90.7790          0.00000
   790    1  I           6682.2224     -596.917          90.4451          0.00000
   791    1  I           6682.2392     -597.671          90.0799          0.00000
   792    1  I           6682.2560     -598.424          89.7886          0.00000
   793    1  I           6682.2727     -599.177          89.4176          0.00000
   794    1  I           6682.2895     -599.931          89.1568          0.00000
   795    1  I           6682.3062     -600.684          88.8780          0.00000
   796    1  I           6682.3230     -601.437          88.6109          0.00000
   797    1  I           6682.3398     -602.191          88.4827          0.00000
   798    1  I           6682.3565     -602.944          88.3815          0.00000
   799    1  I           6682.3733     -603.697          88.2794          0.00000
   800    1  I           6682.3900     -604.451          88.3500          0.00000
   801    1  I           6682.4068     -605.204          88.2936          0.00000
   802    1  I           6682.4236     -605.958          88.3984          0.00000
   803    1  I           6682.4403     -606.711          88.3916          0.00000
   804    1  I           6682.4571     -607.464          88.4231          0.00000
   805    1  I           6682.4738     -608.218          88.4115          0.00000
   806    1  I           6682.4906     -608.971          88.3474          0.00000
   807    1  I           6682.5073     -609.724          88.3123          0.00000
   808    1  I           6682.5241     -610.478          88.3026          0.00000
   809    1  I           6682.5409     -611.231          88.3200          0.00000
   810    1  I           6682.5576     -611.984          88.3645          0.00000
   811    1  I           6682.5744     -612.738          88.3812          0.00000
   812    1  I           6682.5911     -613.491          88.4447          0.00000
   813    1  I           6682.6079     -614.244          88.6154          0.00000
   814    1  I           6682.6247     -614.998          88.6583          0.00000
   815    1  I           6682.6414     -615.751          88.7346          0.00000
   816    1  I           6682.6582     -616.504          88.7902          0.00000
   817    1  I           6682.6749     -617.258          88.9021          0.00000
   818    1  I           6682.6917     -618.011          88.8948          0.00000
   819    1  I           6682.7084     -618.764          88.9503          0.00000
   820    1  I           6682.7252     -619.518          88.8628          0.00000
   821    1  I           6682.7420     -620.271          88.8209          0.00000
   822    1  I           6682.7587     -621.025          88.7980          0.00000
   823    1  I           6682.7755     -621.778          88.6607          0.00000
   824    1  I           6682.7922     -622.531          88.5882          0.00000
   825    1  I           6682.8090     -623.285          88.4741          0.00000
   826    1  I           6682.8258     -624.038          88.3542          0.00000
   827    1  I           6682.8425     -624.791          88.1718          0.00000
   828    1  I           6682.8593     -625.545          88.0765          0.00000
   829    1  I           6682.8760     -626.298          87.9843          0.00000
   830    1  I           6682.8928     -627.051          87.9614          0.00000
   831    1  I           6682.9095     -627.805          87.9186          0.00000
   832    1  I           6682.9263     -628.558          87.9540          0.00000
   833    1  I           6682.9431     -629.311          87.9186          0.00000
   834    1  I           6682.9598     -630.065          87.9732          0.00000
   835    1  I           6682.9766     -630.818          88.0407          0.00000
   836    1  I           6682.9933     -631.571          88.0089          0.00000
   837    1  I           6683.0101     -632.325          88.0962          0.00000
   838    1  I           6683.0269     -633.078          88.0799          0.00000
   839    1  I           6683.0436     -633.832          88.0190          0.00000
   840    1  I           6683.0604     -634.585          87.9756          0.00000
   841    1  I           6683.0771     -635.338          87.9417          0.00000
   842    1  I           6683.0939     -636.092          87.9166          0.00000
   843    1  I           6683.1106     -636.845          87.8421          0.00000
   844    1  I           6683.1274     -637.598          87.8609          0.00000
   845    1  I           6683.1442     -638.352          87.8423          0.00000
   846    1  I           6683.1609     -639.105          87.8371          0.00000
   847    1  I           6683.1777     -639.858          87.8362          0.00000
   848    1  I           6683.1944     -640.612          87.8410          0.00000
   849    1  I           6683.2112     -641.365          87.9116          0.00000
   850    1  I           6683.2280     -642.118          87.8765          0.00000
   851    1  I           6683.2447     -642.872          87.8796          0.00000
   852    1  I           6683.2615     -643.625          87.8444          0.00000
   853    1  I           6683.2782     -644.378          87.8680          0.00000
   854    1  I           6683.2950     -645.132          87.8583          0.00000
   855    1  I           6683.3118     -645.885          87.8630          0.00000
   856    1  I           6683.3285     -646.639          87.8455          0.00000
   857    1  I           6683.3453     -647.392          87.8761          0.00000
   858    1  I           6683.3620     -648.145          87.8944          0.00000
   859    1  I           6683.3788     -648.899          87.9418          0.00000
   860    1  I           6683.3955     -649.652          87.9706          0.00000
   861    1  I           6683.4123     -650.405          87.9805          0.00000
   862    1  I           6683.4291     -651.159          88.0819          0.00000
   863    1  I           6683.4458     -651.912          88.1542          0.00000
   864    1  I           6683.4626     -652.665          88.1622          0.00000
   865    1  I           6683.4793     -653.419          88.2983          0.00000
   866    1  I           6683.4961     -654.172          88.3472          0.00000
   867    1  I           6683.5129     -654.925          88.4077          0.00000
