Header information
 
Source: G305.200+0.0
RA:   13 11 16.89        DEC: -62 45 54.99   (J2000)
OBS. DATE: 20150327          Time of record:   0/ 17 23 31.0
No. channels:   281           First channel plotted  1100
Bw (kHz):     10.067
Rest freq. (MHz) :    6668.5195      Av. weight :       0.0056
 
DATA follow with format: (1X,I5,2X,I3,2X,A5,2X,F12.4,3(2X,G15.6))
 
Channel  IF  Polar     Frequency     Velocity         Real(Jy)         Imag(Jy)
  1100    1  I           6680.0641     -477.379          1.07131          0.00000
  1101    1  I           6680.0742     -477.831          1.07150          0.00000
  1102    1  I           6680.0843     -478.284          1.07109          0.00000
  1103    1  I           6680.0944     -478.736          1.07145          0.00000
  1104    1  I           6680.1044     -479.189          1.07152          0.00000
  1105    1  I           6680.1145     -479.641          1.07107          0.00000
  1106    1  I           6680.1246     -480.094          1.07098          0.00000
  1107    1  I           6680.1346     -480.546          1.07113          0.00000
  1108    1  I           6680.1447     -480.999          1.07129          0.00000
  1109    1  I           6680.1548     -481.451          1.07123          0.00000
  1110    1  I           6680.1648     -481.904          1.07073          0.00000
  1111    1  I           6680.1749     -482.357          1.07084          0.00000
  1112    1  I           6680.1850     -482.809          1.07071          0.00000
  1113    1  I           6680.1950     -483.262          1.07005          0.00000
  1114    1  I           6680.2051     -483.714          1.07058          0.00000
  1115    1  I           6680.2152     -484.167          1.07052          0.00000
  1116    1  I           6680.2252     -484.619          1.07028          0.00000
  1117    1  I           6680.2353     -485.072          1.07020          0.00000
  1118    1  I           6680.2454     -485.524          1.06997          0.00000
  1119    1  I           6680.2554     -485.977          1.07048          0.00000
  1120    1  I           6680.2655     -486.429          1.06981          0.00000
  1121    1  I           6680.2756     -486.882          1.07037          0.00000
  1122    1  I           6680.2856     -487.334          1.06980          0.00000
  1123    1  I           6680.2957     -487.787          1.06947          0.00000
  1124    1  I           6680.3058     -488.240          1.06996          0.00000
  1125    1  I           6680.3158     -488.692          1.07011          0.00000
  1126    1  I           6680.3259     -489.145          1.06917          0.00000
  1127    1  I           6680.3360     -489.597          1.06955          0.00000
  1128    1  I           6680.3460     -490.050          1.06951          0.00000
  1129    1  I           6680.3561     -490.502          1.06998          0.00000
  1130    1  I           6680.3662     -490.955          1.07072          0.00000
  1131    1  I           6680.3762     -491.407          1.07081          0.00000
  1132    1  I           6680.3863     -491.860          1.07108          0.00000
  1133    1  I           6680.3964     -492.312          1.07082          0.00000
  1134    1  I           6680.4064     -492.765          1.07055          0.00000
  1135    1  I           6680.4165     -493.217          1.07014          0.00000
  1136    1  I           6680.4266     -493.670          1.07001          0.00000
  1137    1  I           6680.4366     -494.122          1.06942          0.00000
  1138    1  I           6680.4467     -494.575          1.06896          0.00000
  1139    1  I           6680.4568     -495.028          1.06859          0.00000
  1140    1  I           6680.4668     -495.480          1.06894          0.00000
  1141    1  I           6680.4769     -495.933          1.06793          0.00000
  1142    1  I           6680.4870     -496.385          1.06848          0.00000
  1143    1  I           6680.4971     -496.838          1.06836          0.00000
  1144    1  I           6680.5071     -497.290          1.06830          0.00000
  1145    1  I           6680.5172     -497.743          1.06768          0.00000
  1146    1  I           6680.5273     -498.195          1.06774          0.00000
  1147    1  I           6680.5373     -498.648          1.06831          0.00000
  1148    1  I           6680.5474     -499.100          1.06788          0.00000
  1149    1  I           6680.5575     -499.553          1.06824          0.00000
  1150    1  I           6680.5675     -500.005          1.06763          0.00000
  1151    1  I           6680.5776     -500.458          1.06839          0.00000
  1152    1  I           6680.5877     -500.910          1.06806          0.00000
  1153    1  I           6680.5977     -501.363          1.06762          0.00000
  1154    1  I           6680.6078     -501.816          1.06753          0.00000
  1155    1  I           6680.6179     -502.268          1.06750          0.00000
  1156    1  I           6680.6279     -502.721          1.06782          0.00000
  1157    1  I           6680.6380     -503.173          1.06831          0.00000
  1158    1  I           6680.6481     -503.626          1.06748          0.00000
  1159    1  I           6680.6581     -504.078          1.06724          0.00000
  1160    1  I           6680.6682     -504.531          1.06701          0.00000
  1161    1  I           6680.6783     -504.983          1.06685          0.00000
  1162    1  I           6680.6883     -505.436          1.06686          0.00000
  1163    1  I           6680.6984     -505.888          1.06692          0.00000
  1164    1  I           6680.7085     -506.341          1.06758          0.00000
  1165    1  I           6680.7185     -506.793          1.06671          0.00000
  1166    1  I           6680.7286     -507.246          1.06692          0.00000
  1167    1  I           6680.7387     -507.698          1.06747          0.00000
  1168    1  I           6680.7487     -508.151          1.06757          0.00000
  1169    1  I           6680.7588     -508.604          1.06792          0.00000
  1170    1  I           6680.7689     -509.056          1.06779          0.00000
  1171    1  I           6680.7789     -509.509          1.06790          0.00000
  1172    1  I           6680.7890     -509.961          1.06708          0.00000
  1173    1  I           6680.7991     -510.414          1.06638          0.00000
  1174    1  I           6680.8091     -510.866          1.06620          0.00000
  1175    1  I           6680.8192     -511.319          1.06642          0.00000
  1176    1  I           6680.8293     -511.771          1.06936          0.00000
  1177    1  I           6680.8393     -512.224          1.07207          0.00000
  1178    1  I           6680.8494     -512.676          1.07726          0.00000
  1179    1  I           6680.8595     -513.129          1.08152          0.00000
  1180    1  I           6680.8695     -513.581          1.08612          0.00000
  1181    1  I           6680.8796     -514.034          1.09275          0.00000
  1182    1  I           6680.8897     -514.487          1.10210          0.00000
  1183    1  I           6680.8997     -514.939          1.11200          0.00000
  1184    1  I           6680.9098     -515.392          1.11917          0.00000
  1185    1  I           6680.9199     -515.844          1.12321          0.00000
  1186    1  I           6680.9300     -516.297          1.12352          0.00000
  1187    1  I           6680.9400     -516.749          1.12156          0.00000
  1188    1  I           6680.9501     -517.202          1.11943          0.00000
  1189    1  I           6680.9602     -517.654          1.11712          0.00000
  1190    1  I           6680.9702     -518.107          1.11441          0.00000
  1191    1  I           6680.9803     -518.559          1.10907          0.00000
  1192    1  I           6680.9904     -519.012          1.10336          0.00000
  1193    1  I           6681.0004     -519.464          1.09689          0.00000
  1194    1  I           6681.0105     -519.917          1.09069          0.00000
  1195    1  I           6681.0206     -520.369          1.08396          0.00000
  1196    1  I           6681.0306     -520.822          1.07708          0.00000
  1197    1  I           6681.0407     -521.275          1.07167          0.00000
  1198    1  I           6681.0508     -521.727          1.06764          0.00000
  1199    1  I           6681.0608     -522.180          1.06755          0.00000
  1200    1  I           6681.0709     -522.632          1.06818          0.00000
  1201    1  I           6681.0810     -523.085          1.06986          0.00000
  1202    1  I           6681.0910     -523.537          1.07453          0.00000
  1203    1  I           6681.1011     -523.990          1.07880          0.00000
  1204    1  I           6681.1112     -524.442          1.08353          0.00000
  1205    1  I           6681.1212     -524.895          1.08781          0.00000
  1206    1  I           6681.1313     -525.347          1.09371          0.00000
  1207    1  I           6681.1414     -525.800          1.10126          0.00000
  1208    1  I           6681.1514     -526.252          1.10723          0.00000
  1209    1  I           6681.1615     -526.705          1.11371          0.00000
  1210    1  I           6681.1716     -527.157          1.11765          0.00000
  1211    1  I           6681.1816     -527.610          1.11392          0.00000
  1212    1  I           6681.1917     -528.062          1.10398          0.00000
  1213    1  I           6681.2018     -528.515          1.08991          0.00000
  1214    1  I           6681.2118     -528.968          1.07496          0.00000
  1215    1  I           6681.2219     -529.420          1.06618          0.00000
  1216    1  I           6681.2320     -529.873          1.06313          0.00000
  1217    1  I           6681.2420     -530.325          1.06287          0.00000
  1218    1  I           6681.2521     -530.778          1.06205          0.00000
  1219    1  I           6681.2622     -531.230          1.06177          0.00000
  1220    1  I           6681.2722     -531.683          1.06107          0.00000
  1221    1  I           6681.2823     -532.135          1.06128          0.00000
  1222    1  I           6681.2924     -532.588          1.06114          0.00000
  1223    1  I           6681.3024     -533.040          1.06108          0.00000
  1224    1  I           6681.3125     -533.493          1.06117          0.00000
  1225    1  I           6681.3226     -533.945          1.06081          0.00000
  1226    1  I           6681.3327     -534.398          1.06103          0.00000
  1227    1  I           6681.3427     -534.851          1.06092          0.00000
  1228    1  I           6681.3528     -535.303          1.06002          0.00000
  1229    1  I           6681.3629     -535.756          1.06084          0.00000
  1230    1  I           6681.3729     -536.208          1.06054          0.00000
  1231    1  I           6681.3830     -536.661          1.06065          0.00000
  1232    1  I           6681.3931     -537.113          1.06014          0.00000
  1233    1  I           6681.4031     -537.566          1.05988          0.00000
  1234    1  I           6681.4132     -538.018          1.06070          0.00000
  1235    1  I           6681.4233     -538.471          1.06046          0.00000
  1236    1  I           6681.4333     -538.923          1.05993          0.00000
  1237    1  I           6681.4434     -539.376          1.05992          0.00000
  1238    1  I           6681.4535     -539.828          1.06003          0.00000
  1239    1  I           6681.4635     -540.281          1.05951          0.00000
  1240    1  I           6681.4736     -540.733          1.05931          0.00000
  1241    1  I           6681.4837     -541.186          1.05906          0.00000
  1242    1  I           6681.4937     -541.639          1.05981          0.00000
  1243    1  I           6681.5038     -542.091          1.05962          0.00000
  1244    1  I           6681.5139     -542.544          1.05931          0.00000
  1245    1  I           6681.5239     -542.996          1.05951          0.00000
  1246    1  I           6681.5340     -543.449          1.05929          0.00000
  1247    1  I           6681.5441     -543.901          1.05941          0.00000
  1248    1  I           6681.5541     -544.354          1.05974          0.00000
  1249    1  I           6681.5642     -544.806          1.05961          0.00000
  1250    1  I           6681.5743     -545.259          1.05973          0.00000
  1251    1  I           6681.5843     -545.711          1.05923          0.00000
  1252    1  I           6681.5944     -546.164          1.05936          0.00000
  1253    1  I           6681.6045     -546.616          1.05899          0.00000
  1254    1  I           6681.6145     -547.069          1.05871          0.00000
  1255    1  I           6681.6246     -547.521          1.05816          0.00000
  1256    1  I           6681.6347     -547.974          1.05857          0.00000
  1257    1  I           6681.6447     -548.427          1.05769          0.00000
  1258    1  I           6681.6548     -548.879          1.05811          0.00000
  1259    1  I           6681.6649     -549.332          1.05837          0.00000
  1260    1  I           6681.6749     -549.784          1.05778          0.00000
  1261    1  I           6681.6850     -550.237          1.05792          0.00000
  1262    1  I           6681.6951     -550.689          1.05792          0.00000
  1263    1  I           6681.7051     -551.142          1.05735          0.00000
  1264    1  I           6681.7152     -551.594          1.05769          0.00000
  1265    1  I           6681.7253     -552.047          1.05794          0.00000
  1266    1  I           6681.7353     -552.499          1.05711          0.00000
  1267    1  I           6681.7454     -552.952          1.05690          0.00000
  1268    1  I           6681.7555     -553.404          1.05709          0.00000
  1269    1  I           6681.7656     -553.857          1.05631          0.00000
  1270    1  I           6681.7756     -554.310          1.05702          0.00000
  1271    1  I           6681.7857     -554.762          1.05698          0.00000
  1272    1  I           6681.7958     -555.215          1.05685          0.00000
  1273    1  I           6681.8058     -555.667          1.05704          0.00000
  1274    1  I           6681.8159     -556.120          1.05715          0.00000
  1275    1  I           6681.8260     -556.572          1.05707          0.00000
  1276    1  I           6681.8360     -557.025          1.05669          0.00000
  1277    1  I           6681.8461     -557.477          1.05732          0.00000
  1278    1  I           6681.8562     -557.930          1.05642          0.00000
  1279    1  I           6681.8662     -558.382          1.05672          0.00000
  1280    1  I           6681.8763     -558.835          1.05556          0.00000
  1281    1  I           6681.8864     -559.287          1.05620          0.00000
  1282    1  I           6681.8964     -559.740          1.05620          0.00000
  1283    1  I           6681.9065     -560.192          1.05617          0.00000
  1284    1  I           6681.9166     -560.645          1.05598          0.00000
  1285    1  I           6681.9266     -561.098          1.05554          0.00000
  1286    1  I           6681.9367     -561.550          1.05569          0.00000
  1287    1  I           6681.9468     -562.003          1.05474          0.00000
  1288    1  I           6681.9568     -562.455          1.05502          0.00000
  1289    1  I           6681.9669     -562.908          1.05527          0.00000
  1290    1  I           6681.9770     -563.360          1.05511          0.00000
  1291    1  I           6681.9870     -563.813          1.05640          0.00000
  1292    1  I           6681.9971     -564.265          1.05591          0.00000
  1293    1  I           6682.0072     -564.718          1.05671          0.00000
  1294    1  I           6682.0172     -565.170          1.05761          0.00000
  1295    1  I           6682.0273     -565.623          1.05808          0.00000
  1296    1  I           6682.0374     -566.075          1.05822          0.00000
  1297    1  I           6682.0474     -566.528          1.05892          0.00000
  1298    1  I           6682.0575     -566.980          1.05870          0.00000
  1299    1  I           6682.0676     -567.433          1.05822          0.00000
  1300    1  I           6682.0776     -567.885          1.05771          0.00000
  1301    1  I           6682.0877     -568.338          1.05701          0.00000
  1302    1  I           6682.0978     -568.791          1.05561          0.00000
  1303    1  I           6682.1078     -569.243          1.05630          0.00000
  1304    1  I           6682.1179     -569.696          1.05512          0.00000
  1305    1  I           6682.1280     -570.148          1.05461          0.00000
  1306    1  I           6682.1380     -570.601          1.05427          0.00000
  1307    1  I           6682.1481     -571.053          1.05336          0.00000
  1308    1  I           6682.1582     -571.506          1.05381          0.00000
  1309    1  I           6682.1683     -571.958          1.05338          0.00000
  1310    1  I           6682.1783     -572.411          1.05375          0.00000
  1311    1  I           6682.1884     -572.863          1.05295          0.00000
  1312    1  I           6682.1985     -573.316          1.05364          0.00000
  1313    1  I           6682.2085     -573.768          1.05333          0.00000
  1314    1  I           6682.2186     -574.221          1.05381          0.00000
  1315    1  I           6682.2287     -574.674          1.05438          0.00000
  1316    1  I           6682.2387     -575.126          1.05462          0.00000
  1317    1  I           6682.2488     -575.579          1.05551          0.00000
  1318    1  I           6682.2589     -576.031          1.05457          0.00000
  1319    1  I           6682.2689     -576.484          1.05490          0.00000
  1320    1  I           6682.2790     -576.936          1.05582          0.00000
  1321    1  I           6682.2891     -577.389          1.05599          0.00000
  1322    1  I           6682.2991     -577.841          1.05635          0.00000
  1323    1  I           6682.3092     -578.294          1.05781          0.00000
  1324    1  I           6682.3193     -578.746          1.05914          0.00000
  1325    1  I           6682.3293     -579.199          1.05910          0.00000
  1326    1  I           6682.3394     -579.651          1.05943          0.00000
  1327    1  I           6682.3495     -580.104          1.05962          0.00000
  1328    1  I           6682.3595     -580.556          1.06076          0.00000
  1329    1  I           6682.3696     -581.009          1.05971          0.00000
  1330    1  I           6682.3797     -581.462          1.05908          0.00000
  1331    1  I           6682.3897     -581.914          1.05900          0.00000
  1332    1  I           6682.3998     -582.367          1.05813          0.00000
  1333    1  I           6682.4099     -582.819          1.05707          0.00000
  1334    1  I           6682.4199     -583.272          1.05627          0.00000
  1335    1  I           6682.4300     -583.724          1.05495          0.00000
  1336    1  I           6682.4401     -584.177          1.05334          0.00000
  1337    1  I           6682.4501     -584.629          1.05152          0.00000
  1338    1  I           6682.4602     -585.082          1.05071          0.00000
  1339    1  I           6682.4703     -585.534          1.04995          0.00000
  1340    1  I           6682.4803     -585.987          1.04921          0.00000
  1341    1  I           6682.4904     -586.439          1.04902          0.00000
  1342    1  I           6682.5005     -586.892          1.04869          0.00000
  1343    1  I           6682.5105     -587.344          1.04898          0.00000
  1344    1  I           6682.5206     -587.797          1.04807          0.00000
  1345    1  I           6682.5307     -588.250          1.04837          0.00000
  1346    1  I           6682.5407     -588.702          1.04806          0.00000
  1347    1  I           6682.5508     -589.155          1.04854          0.00000
  1348    1  I           6682.5609     -589.607          1.04921          0.00000
  1349    1  I           6682.5709     -590.060          1.04797          0.00000
  1350    1  I           6682.5810     -590.512          1.04792          0.00000
  1351    1  I           6682.5911     -590.965          1.04806          0.00000
  1352    1  I           6682.6012     -591.417          1.04811          0.00000
  1353    1  I           6682.6112     -591.870          1.04801          0.00000
  1354    1  I           6682.6213     -592.322          1.04772          0.00000
  1355    1  I           6682.6314     -592.775          1.04730          0.00000
  1356    1  I           6682.6414     -593.227          1.04688          0.00000
  1357    1  I           6682.6515     -593.680          1.04670          0.00000
  1358    1  I           6682.6616     -594.133          1.04621          0.00000
  1359    1  I           6682.6716     -594.585          1.04603          0.00000
  1360    1  I           6682.6817     -595.038          1.04626          0.00000
  1361    1  I           6682.6918     -595.490          1.04635          0.00000
  1362    1  I           6682.7018     -595.943          1.04578          0.00000
  1363    1  I           6682.7119     -596.395          1.04559          0.00000
  1364    1  I           6682.7220     -596.848          1.04541          0.00000
  1365    1  I           6682.7320     -597.300          1.04565          0.00000
  1366    1  I           6682.7421     -597.753          1.04518          0.00000
  1367    1  I           6682.7522     -598.205          1.04513          0.00000
  1368    1  I           6682.7622     -598.658          1.04495          0.00000
  1369    1  I           6682.7723     -599.110          1.04527          0.00000
  1370    1  I           6682.7824     -599.563          1.04420          0.00000
  1371    1  I           6682.7924     -600.015          1.04488          0.00000
  1372    1  I           6682.8025     -600.468          1.04502          0.00000
  1373    1  I           6682.8126     -600.921          1.04509          0.00000
  1374    1  I           6682.8226     -601.373          1.04469          0.00000
  1375    1  I           6682.8327     -601.826          1.04628          0.00000
  1376    1  I           6682.8428     -602.278          1.04547          0.00000
  1377    1  I           6682.8528     -602.731          1.04553          0.00000
  1378    1  I           6682.8629     -603.183          1.04579          0.00000
  1379    1  I           6682.8730     -603.636          1.04557          0.00000
  1380    1  I           6682.8830     -604.088          1.04508          0.00000
