       1  0/02:48:08.0  00:01:40.0       2         1         1        1       0.000      0      1.263E-09  -0.50426   -0.8636
       1                                                                                                   -0.39085   -0.9205
       2  0/02:48:08.0  00:01:40.0       2         2         1        1       0.000      0      0.000E+00   1.00000    0.0000
       2                                                                                                    1.00000    0.0000
       3  0/02:48:08.0  00:01:40.0       2         4         1        1       0.000      0     -2.388E-09   0.97959    0.2010
       3                                                                                                    0.99929   -0.0377
       4  0/02:51:05.0  00:01:46.0       3         1         1        1       0.000      0      1.267E-09  -0.84770    0.5305
       4                                                                                                   -0.90824    0.4185
       5  0/02:51:05.0  00:01:46.0       3         2         1        1       0.000      0      0.000E+00   1.00000    0.0000
       5                                                                                                    1.00000    0.0000
       6  0/02:51:05.0  00:01:46.0       3         4         1        1       0.000      0     -2.458E-09   0.32581   -0.9454
       6                                                                                                    0.08470   -0.9964
       7  0/02:53:58.0  00:02:02.0       4         1         1        1       0.000      0      1.259E-09  -0.98864    0.1503
       7                                                                                                   -0.99970    0.0243
       8  0/02:53:58.0  00:02:02.0       4         2         1        1       0.000      0      0.000E+00   1.00000    0.0000
       8                                                                                                    1.00000    0.0000
       9  0/02:53:58.0  00:02:02.0       4         4         1        1       0.000      0     -2.572E-09  -0.87536   -0.4835
       9                                                                                                   -0.96988   -0.2436
      10  0/02:53:58.0  00:02:02.0       4         5         1        1       0.000      0      8.606E-10   0.51629   -0.8564
      10                                                                                                    0.58836   -0.8086
      11  0/02:56:28.0  00:02:00.0       5         1         1        1       0.000      0      1.266E-09  -0.30594    0.9521
      11                                                                                                   -0.42429    0.9055
      12  0/02:56:28.0  00:02:00.0       5         2         1        1       0.000      0      0.000E+00   1.00000    0.0000
      12                                                                                                    1.00000    0.0000
      13  0/02:56:28.0  00:02:00.0       5         4         1        1       0.000      0     -2.400E-09  -0.72603   -0.6877
      13                                                                                                   -0.86931   -0.4943
      14  0/02:56:28.0  00:02:00.0       5         5         1        1       0.000      0      8.465E-10  -0.82503   -0.5651
      14                                                                                                   -0.77402   -0.6332
      15  0/02:59:13.0  00:01:30.0       6         1         1        1       0.000      0      1.148E-09   0.77782    0.6285
      15                                                                                                    0.70030    0.7139
      16  0/02:59:13.0  00:01:30.0       6         2         1        1       0.000      0      0.000E+00   1.00000    0.0000
      16                                                                                                    1.00000    0.0000
      17  0/02:59:13.0  00:01:30.0       6         4         1        1       0.000      0     -2.922E-09  -0.82325    0.5677
      17                                                                                                   -0.62358    0.7818
      18  0/02:59:13.0  00:01:30.0       6         5         1        1       0.000      0      6.991E-10   0.76404    0.6452
      18                                                                                                    0.71685    0.6972
      19  0/03:01:38.0  00:01:42.0       7         1         1        1       0.000      0      1.245E-09   0.68949   -0.7243
      19                                                                                                    0.77453   -0.6325
      20  0/03:01:38.0  00:01:42.0       7         4         1        1       0.000      0     -3.131E-09   0.30432   -0.9526
      20                                                                                                   -0.00557   -1.0000
      21  0/03:01:38.0  00:01:42.0       7         5         1        1       0.000      0      7.282E-10   0.60487   -0.7963
      21                                                                                                    0.66149   -0.7499
      22  0/03:06:14.0  00:01:28.0       8         1         1        1       0.000      0      1.431E-09   0.89463   -0.4468
      22                                                                                                    0.94944   -0.3140
      23  0/03:06:14.0  00:01:28.0       8         2         1        1       0.000      0      0.000E+00   1.00000    0.0000
      23                                                                                                    1.00000    0.0000
      24  0/03:06:14.0  00:01:28.0       8         4         1        1       0.000      0     -3.120E-09  -0.91426   -0.4051
      24                                                                                                   -0.99465   -0.1033
      25  0/03:06:14.0  00:01:28.0       8         5         1        1       0.000      0      1.359E-09   0.85335   -0.5213
      25                                                                                                    0.91640   -0.4003
      26  0/03:08:37.0  00:01:42.0       9         1         1        1       0.000      0      1.265E-09  -0.26471    0.9643
      26                                                                                                   -0.38488    0.9230
      27  0/03:08:37.0  00:01:42.0       9         2         1        1       0.000      0      0.000E+00   1.00000    0.0000
      27                                                                                                    1.00000    0.0000
      28  0/03:08:37.0  00:01:42.0       9         4         1        1       0.000      0     -2.759E-09   0.24604    0.9693
      28                                                                                                    0.50207    0.8648
      29  0/03:08:37.0  00:01:42.0       9         5         1        1       0.000      0      1.412E-09  -0.34656   -0.9380
      29                                                                                                   -0.21032   -0.9776
      30  0/03:11:11.0  00:01:36.0      10         1         1        1       0.000      0      1.312E-09  -0.26319    0.9647
      30                                                                                                   -0.38778    0.9218
      31  0/03:11:11.0  00:01:36.0      10         2         1        1       0.000      0      0.000E+00   1.00000    0.0000
      31                                                                                                    1.00000    0.0000
      32  0/03:11:11.0  00:01:36.0      10         4         1        1       0.000      0     -2.864E-09  -0.75094    0.6604
      32                                                                                                   -0.53253    0.8464
      33  0/03:11:11.0  00:01:36.0      10         5         1        1       0.000      0      1.076E-09  -0.40772   -0.9131
      33                                                                                                   -0.30673   -0.9518
      34  0/03:11:11.0  00:01:36.0      10         6         1        1       0.000      0      1.252E-09   0.83226    0.5544
      34                                                                                                    0.75611    0.6544
      35  0/03:13:08.0  00:01:42.0      11         1         1        1       0.000      0      1.219E-09   0.03259    0.9995
      35                                                                                                   -0.08980    0.9960
      36  0/03:13:08.0  00:01:42.0      11         2         1        1       0.000      0      0.000E+00   1.00000    0.0000
      36                                                                                                    1.00000    0.0000
      37  0/03:13:08.0  00:01:42.0      11         4         1        1       0.000      0     -2.331E-09  -0.98066    0.1957
      37                                                                                                   -0.90839    0.4181
      38  0/03:13:08.0  00:01:42.0      11         5         1        1       0.000      0      9.285E-10  -0.47798   -0.8784
      38                                                                                                   -0.39402   -0.9191
      39  0/03:13:08.0  00:01:42.0      11         6         1        1       0.000      0     -5.791E-10   0.66692   -0.7451
      39                                                                                                    0.62243   -0.7827
      40  0/03:15:50.0  00:02:16.0      12         1         1        1       0.000      0      1.417E-09   0.18883    0.9820
      40                                                                                                    0.04750    0.9989
      41  0/03:15:50.0  00:02:16.0      12         2         1        1       0.000      0      0.000E+00   1.00000    0.0000
      41                                                                                                    1.00000    0.0000
      42  0/03:15:50.0  00:02:16.0      12         4         1        1       0.000      0     -2.592E-09   0.99489    0.1010
      42                                                                                                    0.98732   -0.1587
      43  0/03:15:50.0  00:02:16.0      12         5         1        1       0.000      0      1.219E-09  -0.17211    0.9851
      43                                                                                                   -0.29125    0.9566
      44  0/03:15:50.0  00:02:16.0      12         6         1        1       0.000      0     -6.227E-10   0.61013    0.7923
      44                                                                                                    0.65850    0.7526
      45  0/03:18:43.0  00:01:30.0      13         1         1        1       0.000      0      1.091E-09   0.54724    0.8370
      45                                                                                                    0.45232    0.8919
      46  0/03:18:43.0  00:01:30.0      13         2         1        1       0.000      0      0.000E+00   1.00000    0.0000
      46                                                                                                    1.00000    0.0000
      47  0/03:18:43.0  00:01:30.0      13         5         1        1       0.000      0      7.312E-10  -0.57257   -0.8199
      47                                                                                                   -0.51081   -0.8597
      48  0/03:20:56.0  00:02:06.0      14         1         1        1       0.000      0      1.076E-09   0.18673    0.9824
      48                                                                                                    0.07960    0.9968
      49  0/03:20:56.0  00:02:06.0      14         2         1        1       0.000      0      0.000E+00   1.00000    0.0000
      49                                                                                                    1.00000    0.0000
      50  0/03:20:56.0  00:02:06.0      14         5         1        1       0.000      0      6.820E-10  -0.33808   -0.9411
      50                                                                                                   -0.27280   -0.9621
      51  0/03:23:00.0  00:01:58.0       3         2         1        1       0.000      0      0.000E+00   1.00000    0.0000
      51                                                                                                    1.00000    0.0000
      52  0/03:23:00.0  00:01:58.0       3         4         1        1       0.000      0     -2.149E-09  -0.44431    0.8959
      52                                                                                                   -0.24195    0.9703
      53  0/03:23:00.0  00:01:58.0       3         6         1        1       0.000      0     -4.010E-10   0.04344    0.9991
      53                                                                                                    0.08367    0.9965
      54  0/03:25:00.0  00:01:58.0       3         1         1        1       0.000      0      1.262E-09  -0.26443    0.9644
      54                                                                                                   -0.38433    0.9232
      55  0/03:25:00.0  00:01:58.0       3         2         1        1       0.000      0      0.000E+00   1.00000    0.0000
      55                                                                                                    1.00000    0.0000
      56  0/03:25:00.0  00:01:58.0       3         4         1        1       0.000      0     -2.257E-09   0.07234    0.9974
      56                                                                                                    0.29486    0.9555
      57  0/03:25:00.0  00:01:58.0       3         5         1        1       0.000      0      9.862E-10   0.42569    0.9049
      57                                                                                                    0.33403    0.9426
      58  0/03:25:00.0  00:01:58.0       3         6         1        1       0.000      0     -5.692E-10   0.62455    0.7810
      58                                                                                                    0.66819    0.7440
      59  0/03:29:22.0  00:01:14.0      15         1         1        1       0.000      0      1.247E-09   0.98258   -0.1858
      59                                                                                                    0.99811   -0.0615
      60  0/03:29:22.0  00:01:14.0      15         2         1        1       0.000      0      0.000E+00   1.00000    0.0000
      60                                                                                                    1.00000    0.0000
      61  0/03:29:22.0  00:01:14.0      15         5         1        1       0.000      0      9.340E-10  -0.59442    0.8042
      61                                                                                                   -0.66719    0.7449
      62  0/09:04:44.0  00:00:30.0      16         1         1        1       0.000      0      3.220E-10  -0.99996    0.0085
      62                                                                                                   -0.99972   -0.0238
      63  0/09:04:44.0  00:00:30.0      16         2         1        1       0.000      0      0.000E+00   1.00000    0.0000
      63                                                                                                    1.00000    0.0000
      64  0/09:04:44.0  00:00:30.0      16         4         1        1       0.000      0     -1.455E-09   0.12360    0.9923
      64                                                                                                    0.26693    0.9637
      65  0/09:06:30.0  00:01:56.0      17         1         1        1       0.000      0      1.655E-10  -0.98295   -0.1839
      65                                                                                                   -0.97976   -0.2002
      66  0/09:06:30.0  00:01:56.0      17         2         1        1       0.000      0      0.000E+00   1.00000    0.0000
      66                                                                                                    1.00000    0.0000
      67  0/09:06:30.0  00:01:56.0      17         4         1        1       0.000      0     -1.450E-09  -0.08418   -0.9965
      67                                                                                                   -0.22805   -0.9736
      68  0/09:06:30.0  00:01:56.0      17         5         1        1       0.000      0     -3.117E-10  -0.40840    0.9128
      68                                                                                                   -0.37960    0.9252
      69  0/09:11:30.0  00:01:58.0       6         1         1        1       0.000      0      7.063E-10   0.99781   -0.0661
      69                                                                                                    0.99999    0.0049
      70  0/09:11:30.0  00:01:58.0       6         2         1        1       0.000      0      0.000E+00   1.00000    0.0000
      70                                                                                                    1.00000    0.0000
      71  0/09:11:30.0  00:01:58.0       6         4         1        1       0.000      0     -1.291E-09   0.43025    0.9027
      71                                                                                                    0.54343    0.8395
      72  0/09:11:30.0  00:01:58.0       6         5         1        1       0.000      0      6.185E-10  -0.60782    0.7941
      72                                                                                                   -0.65599    0.7548
      73  0/09:14:14.0  00:02:28.0      18         1         1        1       0.000      0      5.704E-10  -0.66387    0.7478
      73                                                                                                   -0.70564    0.7086
      74  0/09:14:14.0  00:02:28.0      18         2         1        1       0.000      0      0.000E+00   1.00000    0.0000
      74                                                                                                    1.00000    0.0000
      75  0/09:14:14.0  00:02:28.0      18         4         1        1       0.000      0     -1.262E-09  -0.89909    0.4378
      75                                                                                                   -0.83650    0.5480
      76  0/09:14:14.0  00:02:28.0      18         5         1        1       0.000      0      4.823E-10  -0.80795    0.5892
      76                                                                                                   -0.83556    0.5494
      77  0/09:17:01.0  00:01:56.0       7         1         1        1       0.000      0      4.772E-10   0.62947    0.7770
      77                                                                                                    0.59148    0.8063
      78  0/09:17:01.0  00:01:56.0       7         2         1        1       0.000      0      0.000E+00   1.00000    0.0000
      78                                                                                                    1.00000    0.0000
      79  0/09:17:01.0  00:01:56.0       7         4         1        1       0.000      0     -1.093E-09  -0.77401    0.6332
      79                                                                                                   -0.69992    0.7142
      80  0/09:17:01.0  00:01:56.0       7         5         1        1       0.000      0      4.972E-10  -0.84235    0.5389
      80                                                                                                   -0.86823    0.4962
      81  0/09:19:23.0  00:02:10.0      19         1         1        1       0.000      0      5.118E-10   0.78421    0.6205
      81                                                                                                    0.75127    0.6600
      82  0/09:19:23.0  00:02:10.0      19         2         1        1       0.000      0      0.000E+00   1.00000    0.0000
      82                                                                                                    1.00000    0.0000
      83  0/09:19:23.0  00:02:10.0      19         4         1        1       0.000      0     -1.721E-09   0.97580    0.2187
      83                                                                                                    0.99888    0.0474
      84  0/09:19:23.0  00:02:10.0      19         5         1        1       0.000      0      2.486E-10   0.19313    0.9812
      84                                                                                                    0.16855    0.9857
      85  0/09:21:50.0  00:01:16.0      20         1         1        1       0.000      0      3.891E-10   0.49031    0.8715
      85                                                                                                    0.45586    0.8901
      86  0/09:21:50.0  00:01:16.0      20         2         1        1       0.000      0      0.000E+00   1.00000    0.0000
      86                                                                                                    1.00000    0.0000
      87  0/09:21:50.0  00:01:16.0      20         4         1        1       0.000      0     -1.726E-09  -0.16353    0.9865
      87                                                                                                    0.00928    1.0000
      88  0/09:21:50.0  00:01:16.0      20         5         1        1       0.000      0      1.601E-10   0.49052   -0.8714
      88                                                                                                    0.50449   -0.8634
      89  0/09:23:48.0  00:01:20.0      21         1         1        1       0.000      0      3.652E-10   0.44172    0.8972
      89                                                                                                    0.40849    0.9128
      90  0/09:23:48.0  00:01:20.0      21         2         1        1       0.000      0      0.000E+00   1.00000    0.0000
      90                                                                                                    1.00000    0.0000
      91  0/09:23:48.0  00:01:20.0      21         4         1        1       0.000      0     -1.354E-09  -0.96294   -0.2697
      91                                                                                                   -0.99064   -0.1365
      92  0/09:23:48.0  00:01:20.0      21         5         1        1       0.000      0      3.726E-10  -0.84414   -0.5361
      92                                                                                                   -0.82347   -0.5674
      93  0/09:25:42.0  00:01:32.0      22         1         1        1       0.000      0      3.172E-11   0.49373    0.8696
      93                                                                                                    0.49095    0.8712
      94  0/09:25:42.0  00:01:32.0      22         2         1        1       0.000      0      0.000E+00   1.00000    0.0000
      94                                                                                                    1.00000    0.0000
      95  0/09:25:42.0  00:01:32.0      22         4         1        1       0.000      0     -1.620E-09  -0.02603    0.9997
      95                                                                                                    0.13641    0.9907
      96  0/09:25:42.0  00:01:32.0      22         5         1        1       0.000      0     -3.230E-10  -0.63033    0.7763
      96                                                                                                   -0.60480    0.7964
      97  0/09:29:15.0  00:02:26.0      23         1         1        1       0.000      0      5.520E-10  -0.88933    0.4573
      97                                                                                                   -0.91332    0.4072
      98  0/09:29:15.0  00:02:26.0      23         2         1        1       0.000      0      0.000E+00   1.00000    0.0000
      98                                                                                                    1.00000    0.0000
      99  0/09:29:15.0  00:02:26.0      23         4         1        1       0.000      0           INDE   1.00000    0.0000
      99                                                                                                    1.00000    0.0000
     100  0/09:29:15.0  00:02:26.0      23         5         1        1       0.000      0      4.643E-10  -0.01832    0.9998
     100                                                                                                   -0.06496    0.9979
     101  0/09:29:15.0  00:02:26.0      23         6         1        1       0.000      0     -2.377E-10   0.11835   -0.9930
     101                                                                                                    0.09459   -0.9955
     102  0/09:32:42.0  00:01:32.0      24         1         1        1       0.000      0      5.254E-10  -0.30681    0.9518
     102                                                                                                   -0.35663    0.9342
     103  0/09:32:42.0  00:01:32.0      24         2         1        1       0.000      0      0.000E+00   1.00000    0.0000
     103                                                                                                    1.00000    0.0000
     104  0/09:32:42.0  00:01:32.0      24         4         1        1       0.000      0     -9.785E-10   0.85614    0.5167
     104                                                                                                    0.90275    0.4302
     105  0/09:32:42.0  00:01:32.0      24         5         1        1       0.000      0      2.604E-10   0.86556   -0.5008
     105                                                                                                    0.87837   -0.4780
     106  0/09:32:42.0  00:01:32.0      24         6         1        1       0.000      0     -1.946E-10  -0.05035   -0.9987
     106                                                                                                   -0.06988   -0.9976
     107  0/09:36:11.0  00:02:36.0      25         1         1        1       0.000      0      3.388E-10   0.96302   -0.2694
     107                                                                                                    0.97164   -0.2365
     108  0/09:36:11.0  00:02:36.0      25         2         1        1       0.000      0      0.000E+00   1.00000    0.0000
     108                                                                                                    1.00000    0.0000
     109  0/09:36:11.0  00:02:36.0      25         4         1        1       0.000      0     -9.869E-10  -0.44829    0.8939
     109                                                                                                   -0.35754    0.9339
     110  0/09:36:11.0  00:02:36.0      25         5         1        1       0.000      0      2.086E-10   0.66707    0.7450
     110                                                                                                    0.65129    0.7588
     111  0/09:39:12.0  00:01:34.0      26         1         1        1       0.000      0      3.455E-10   0.36964    0.9292
     111                                                                                                    0.33714    0.9415
     112  0/09:39:12.0  00:01:34.0      26         2         1        1       0.000      0      0.000E+00   1.00000    0.0000
     112                                                                                                    1.00000    0.0000
     113  0/09:39:12.0  00:01:34.0      26         4         1        1       0.000      0     -1.089E-09   0.11974    0.9928
     113                                                                                                    0.22749    0.9738
     114  0/09:39:12.0  00:01:34.0      26         5         1        1       0.000      0      5.327E-11  -0.42130    0.9069
     114                                                                                                   -0.42616    0.9046
     115  0/09:39:12.0  00:01:34.0      26         6         1        1       0.000      0     -4.506E-10   0.01666    0.9999
     115                                                                                                    0.06191    0.9981
     116  0/09:41:05.0  00:01:46.0      27         1         1        1       0.000      0      2.981E-10   0.78261    0.6225
     116                                                                                                    0.76361    0.6457
     117  0/09:41:05.0  00:01:46.0      27         2         1        1       0.000      0      0.000E+00   1.00000    0.0000
     117                                                                                                    1.00000    0.0000
     118  0/09:41:05.0  00:01:46.0      27         4         1        1       0.000      0     -1.135E-09   0.96828   -0.2499
     118                                                                                                    0.93355   -0.3585
     119  0/09:41:05.0  00:01:46.0      27         5         1        1       0.000      0      6.634E-11   0.20816    0.9781
     119                                                                                                    0.20163    0.9795
     120  0/09:41:05.0  00:01:46.0      27         6         1        1       0.000      0     -5.378E-10   0.95141    0.3079
     120                                                                                                    0.96666    0.2561
     121  0/09:43:57.0  00:02:02.0      28         1         1        1       0.000      0     -1.317E-10  -0.38245   -0.9240
     121                                                                                                   -0.39464   -0.9188
     122  0/09:43:57.0  00:02:02.0      28         2         1        1       0.000      0      0.000E+00   1.00000    0.0000
     122                                                                                                    1.00000    0.0000
     123  0/09:43:57.0  00:02:02.0      28         4         1        1       0.000      0     -1.653E-09  -0.17615   -0.9844
     123                                                                                                   -0.33656   -0.9417
     124  0/09:43:57.0  00:02:02.0      28         5         1        1       0.000      0     -4.032E-10  -0.69147   -0.7224
     124                                                                                                   -0.72017   -0.6938
     125  0/12:50:15.0  00:01:28.0      29         4         1        1       0.000      0      1.290E-10   0.54374    0.8393
     125                                                                                                    0.53281    0.8462
     126  0/12:50:15.0  00:01:28.0      29         5         1        1       0.000      0      1.279E-09  -0.99401   -0.1093
     126                                                                                                   -0.97180   -0.2358
     127  0/12:52:00.0  00:01:58.0      17         1         1        1       0.000      0     -8.470E-12   0.28817   -0.9576
     127                                                                                                    0.28735   -0.9578
     128  0/12:52:00.0  00:01:58.0      17         2         1        1       0.000      0      0.000E+00   1.00000    0.0000
     128                                                                                                    1.00000    0.0000
     129  0/12:52:00.0  00:01:58.0      17         4         1        1       0.000      0      1.457E-10   0.93102   -0.3650
     129                                                                                                    0.93627   -0.3513
     130  0/12:52:00.0  00:01:58.0      17         5         1        1       0.000      0      2.273E-10   0.04335    0.9991
     130                                                                                                    0.02051    0.9998
     131  0/12:55:05.0  00:01:46.0      30         1         1        1       0.000      0     -1.420E-10   0.94629    0.3233
     131                                                                                                    0.95081    0.3098
     132  0/12:55:05.0  00:01:46.0      30         2         1        1       0.000      0      0.000E+00   1.00000    0.0000
     132                                                                                                    1.00000    0.0000
     133  0/12:55:05.0  00:01:46.0      30         4         1        1       0.000      0     -2.388E-10  -0.29657    0.9550
     133                                                                                                   -0.27357    0.9619
     134  0/12:55:05.0  00:01:46.0      30         5         1        1       0.000      0     -9.559E-11   0.20976   -0.9778
     134                                                                                                    0.20035   -0.9797
     135  0/12:58:13.0  00:01:30.0      28         1         1        1       0.000      0     -1.154E-11   0.49080   -0.8713
     135                                                                                                    0.48979   -0.8718
     136  0/12:58:13.0  00:01:30.0      28         2         1        1       0.000      0      0.000E+00   1.00000    0.0000
     136                                                                                                    1.00000    0.0000
     137  0/12:58:13.0  00:01:30.0      28         4         1        1       0.000      0     -1.460E-11   0.16062    0.9870
     137                                                                                                    0.16207    0.9868
     138  0/12:58:13.0  00:01:30.0      28         5         1        1       0.000      0     -3.448E-11  -0.60357   -0.7973
     138                                                                                                   -0.60633   -0.7952
     139  0/12:58:13.0  00:01:30.0      28         6         1        1       0.000      0     -1.420E-10   0.87366    0.4865
     139                                                                                                    0.88052    0.4740
     140  0/13:00:21.0  00:01:14.0      31         1         1        1       0.000      0     -1.463E-11  -0.66932   -0.7430
     140                                                                                                   -0.67041   -0.7420
     141  0/13:00:21.0  00:01:14.0      31         2         1        1       0.000      0      0.000E+00   1.00000    0.0000
     141                                                                                                    1.00000    0.0000
     142  0/13:00:21.0  00:01:14.0      31         4         1        1       0.000      0     -1.255E-10   0.63544   -0.7722
     142                                                                                                    0.62565   -0.7801
     143  0/13:00:21.0  00:01:14.0      31         5         1        1       0.000      0     -2.183E-11  -0.14665    0.9892
     143                                                                                                   -0.14448    0.9895
     144  0/13:00:21.0  00:01:14.0      31         6         1        1       0.000      0     -1.743E-10  -0.99454    0.1044
     144                                                                                                   -0.99256    0.1218
     145  0/13:02:32.0  00:00:54.0      32         1         1        1       0.000      0     -1.183E-11   0.84667    0.5321
     145                                                                                                    0.84730    0.5311
     146  0/13:02:32.0  00:00:54.0      32         2         1        1       0.000      0      0.000E+00   1.00000    0.0000
     146                                                                                                    1.00000    0.0000
     147  0/13:02:32.0  00:00:54.0      32         4         1        1       0.000      0      5.681E-10   0.38560    0.9227
     147                                                                                                    0.33231    0.9432
     148  0/13:02:32.0  00:00:54.0      32         5         1        1       0.000      0     -3.506E-10  -0.50870    0.8609
     148                                                                                                   -0.47805    0.8783
     149  0/13:05:14.0  00:01:30.0      33         1         1        1       0.000      0     -4.421E-10   0.41420    0.9102
     149                                                                                                    0.45423    0.8909
     150  0/13:05:14.0  00:01:30.0      33         2         1        1       0.000      0      0.000E+00   1.00000    0.0000
     150                                                                                                    1.00000    0.0000
     151  0/13:05:14.0  00:01:30.0      33         4         1        1       0.000      0     -5.910E-10  -0.98322    0.1824
     151                                                                                                   -0.97065    0.2405
     152  0/13:05:14.0  00:01:30.0      33         5         1        1       0.000      0     -5.452E-10   0.98002    0.1989
     152                                                                                                    0.98945    0.1449
     153  0/13:10:39.0  00:00:38.0      34         1         1        1       0.000      0     -3.816E-10  -0.98525    0.1711
     153                                                                                                   -0.97796    0.2088
     154  0/13:10:39.0  00:00:38.0      34         2         1        1       0.000      0           INDE  -0.98525    0.1711
     154                                                                                                   -0.97796    0.2088
     155  0/13:10:39.0  00:00:38.0      34         4         1        1       0.000      0     -1.910E-10  -0.34133   -0.9399
     155                                                                                                   -0.35932   -0.9332
     156  0/13:10:39.0  00:00:38.0      34         5         1        1       0.000      0     -1.948E-09   0.86005   -0.5102
     156                                                                                                    0.74432   -0.6678
     157  0/13:11:52.0  00:01:14.0      35         1         1        1       0.000      0     -3.680E-10  -0.99962    0.0275
     157                                                                                                   -0.99792    0.0645
     158  0/13:11:52.0  00:01:14.0      35         2         1        1       0.000      0           INDE  -0.99962    0.0275
     158                                                                                                   -0.99792    0.0645
     159  0/13:11:52.0  00:01:14.0      35         3         1        1       0.000      0     -2.416E-10  -0.96824    0.2500
     159                                                                                                   -0.96188    0.2735
     160  0/13:11:52.0  00:01:14.0      35         4         1        1       0.000      0     -8.364E-10  -0.18686   -0.9824
     160                                                                                                   -0.26871   -0.9632
     161  0/13:11:52.0  00:01:14.0      35         5         1        1       0.000      0     -4.117E-10   0.28150   -0.9596
     161                                                                                                    0.24155   -0.9704
     162  0/13:13:40.0  00:01:08.0      23         1         1        1       0.000      0     -3.479E-10  -0.99997   -0.0073
     162                                                                                                   -0.99962    0.0276
     163  0/13:13:40.0  00:01:08.0      23         2         1        1       0.000      0           INDE  -0.99997   -0.0073
     163                                                                                                   -0.99962    0.0276
     164  0/13:13:40.0  00:01:08.0      23         3         1        1       0.000      0     -5.592E-10   0.98192   -0.1893
     164                                                                                                    0.96973   -0.2442
     165  0/13:13:40.0  00:01:08.0      23         4         1        1       0.000      0     -5.318E-10  -0.98033    0.1974
     165                                                                                                   -0.96838    0.2495
     166  0/13:13:40.0  00:01:08.0      23         5         1        1       0.000      0     -2.537E-10  -0.96195   -0.2732
     166                                                                                                   -0.96861   -0.2486
     167  0/13:18:58.0  00:02:02.0      37         1         1        1       0.000      0     -2.886E-10  -0.42774    0.9039
     167                                                                                                   -0.40133    0.9159
     168  0/13:18:58.0  00:02:02.0      37         2         1        1       0.000      0           INDE  -0.42774    0.9039
     168                                                                                                   -0.40133    0.9159
     169  0/13:18:58.0  00:02:02.0      37         4         1        1       0.000      0     -6.583E-10   0.38485    0.9230
     169                                                                                                    0.44504    0.8955
     170  0/13:18:58.0  00:02:02.0      37         5         1        1       0.000      0     -3.065E-11  -0.33450    0.9424
     170                                                                                                   -0.33159    0.9434
     171  0/13:21:30.0  00:02:58.0      40         1         1        1       0.000      0     -2.603E-10   0.68488    0.7287
     171                                                                                                    0.70372    0.7105
     172  0/13:21:30.0  00:02:58.0      40         2         1        1       0.000      0           INDE   0.68488    0.7287
     172                                                                                                    0.70372    0.7105
     173  0/13:21:30.0  00:02:58.0      40         3         1        1       0.000      0     -2.593E-10   0.02440   -0.9997
     173                                                                                                   -0.00167   -1.0000
     174  0/13:21:30.0  00:02:58.0      40         4         1        1       0.000      0     -2.840E-10   0.19282   -0.9812
     174                                                                                                    0.16473   -0.9863
     175  0/13:21:30.0  00:02:58.0      40         5         1        1       0.000      0     -2.510E-10   0.87364   -0.4866
     175                                                                                                    0.86108   -0.5085
     176  0/13:21:30.0  00:02:58.0      40         6         1        1       0.000      0     -3.091E-10   0.99218   -0.1248
     176                                                                                                    0.98782   -0.1556
     177  0/13:24:09.0  00:01:38.0      38         1         1        1       0.000      0     -2.307E-10   0.63147   -0.7754
     177                                                                                                    0.61332   -0.7898
     178  0/13:24:09.0  00:01:38.0      38         2         1        1       0.000      0           INDE   0.63147   -0.7754
     178                                                                                                    0.61332   -0.7898
     179  0/13:24:09.0  00:01:38.0      38         3         1        1       0.000      0     -9.210E-10   0.79393    0.6080
     179                                                                                                    0.84674    0.5320
     180  0/13:24:09.0  00:01:38.0      38         4         1        1       0.000      0     -2.133E-10   0.46081    0.8875
     180                                                                                                    0.47973    0.8774
     181  0/13:24:09.0  00:01:38.0      38         5         1        1       0.000      0      8.013E-11  -0.76351   -0.6458
     181                                                                                                   -0.75828   -0.6519
     182  0/13:24:09.0  00:01:38.0      38         6         1        1       0.000      0     -3.378E-10  -0.96035   -0.2788
     182                                                                                                   -0.96926   -0.2460
     183  0/13:26:31.0  00:00:54.0      39         1         1        1       0.000      0     -2.043E-10  -0.94217   -0.3351
     183                                                                                                   -0.94885   -0.3157
     184  0/13:26:31.0  00:00:54.0      39         2         1        1       0.000      0      0.000E+00   1.00000    0.0000
     184                                                                                                    1.00000    0.0000
     185  0/13:26:31.0  00:00:54.0      39         5         1        1       0.000      0     -3.452E-11  -0.22634   -0.9740
     185                                                                                                   -0.22972   -0.9733
     186  0/13:28:30.0  00:02:58.0      29         1         1        1       0.000      0     -5.378E-11  -0.74566    0.6663
     186                                                                                                   -0.74204    0.6704
     187  0/13:28:30.0  00:02:58.0      29         2         1        1       0.000      0      0.000E+00   1.00000    0.0000
     187                                                                                                    1.00000    0.0000
     188  0/13:28:30.0  00:02:58.0      29         4         1        1       0.000      0     -1.156E-10  -0.79670   -0.6044
     188                                                                                                   -0.80367   -0.5951
     189  0/13:28:30.0  00:02:58.0      29         5         1        1       0.000      0      4.722E-12   0.60357   -0.7973
     189                                                                                                    0.60395   -0.7970
     190  0/13:28:30.0  00:02:58.0      29         6         1        1       0.000      0     -1.100E-10   0.68872   -0.7250
     190                                                                                                    0.68066   -0.7326
     191  0/19:18:23.0  00:01:10.0      32         1         1        1       0.000      0     -5.439E-10   0.06589    0.9978
     191                                                                                                    0.12033    0.9927
     192  0/19:18:23.0  00:01:10.0      32         4         1        1       0.000      0      1.445E-09   0.31984    0.9475
     192                                                                                                    0.17930    0.9838
     193  0/19:18:23.0  00:01:10.0      32         5         1        1       0.000      0     -1.033E-10  -0.78978    0.6134
     193                                                                                                   -0.78336    0.6216
     194  0/19:21:39.0  00:01:40.0      41         2         1        1       0.000      0      0.000E+00   1.00000    0.0000
     194                                                                                                    1.00000    0.0000
     195  0/19:21:39.0  00:01:40.0      41         4         1        1       0.000      0      1.468E-09  -0.99050    0.1375
     195                                                                                                   -0.99995   -0.0096
     196  0/19:25:01.0  00:02:54.0      42         2         1        1       0.000      0      0.000E+00   1.00000    0.0000
     196                                                                                                    1.00000    0.0000
     197  0/19:25:01.0  00:02:54.0      42         4         1        1       0.000      0      1.386E-09   0.39125    0.9203
     197                                                                                                    0.25962    0.9657
     198  0/19:25:01.0  00:02:54.0      42         6         1        1       0.000      0      1.002E-10   0.19606   -0.9806
     198                                                                                                    0.20592   -0.9786
     199  0/19:28:36.0  00:02:46.0      43         1         1        1       0.000      0     -5.582E-10  -0.39233    0.9198
     199                                                                                                   -0.34012    0.9404
     200  0/19:28:36.0  00:02:46.0      43         2         1        1       0.000      0      0.000E+00   1.00000    0.0000
     200                                                                                                    1.00000    0.0000
     201  0/19:28:36.0  00:02:46.0      43         4         1        1       0.000      0      1.152E-09   0.99535    0.0963
     201                                                                                                    0.97757    0.2106
     202  0/19:28:36.0  00:02:46.0      43         5         1        1       0.000      0     -6.515E-10   0.97857   -0.2059
     202                                                                                                    0.96300   -0.2695
     203  0/19:28:36.0  00:02:46.0      43         6         1        1       0.000      0      1.943E-10  -0.49337    0.8698
     203                                                                                                   -0.51027    0.8600
     204  0/19:32:00.0  00:01:56.0      44         1         1        1       0.000      0     -5.042E-10  -0.99386   -0.1107
     204                                                                                                   -0.99819   -0.0602
     205  0/19:32:00.0  00:01:56.0      44         2         1        1       0.000      0      0.000E+00   1.00000    0.0000
     205                                                                                                    1.00000    0.0000
     206  0/19:32:00.0  00:01:56.0      44         4         1        1       0.000      0      1.427E-09  -0.93435    0.3564
     206                                                                                                   -0.97569    0.2191
     207  0/19:32:00.0  00:01:56.0      44         5         1        1       0.000      0     -4.543E-10   0.10982    0.9940
     207                                                                                                    0.15509    0.9879
     208  0/19:32:00.0  00:01:56.0      44         6         1        1       0.000      0      4.314E-10   0.01117    0.9999
     208                                                                                                   -0.03219    0.9995
     209  0/19:34:49.0  00:02:20.0      45         1         1        1       0.000      0     -5.209E-10  -0.48784    0.8729
     209                                                                                                   -0.44148    0.8973
     210  0/19:34:49.0  00:02:20.0      45         2         1        1       0.000      0      0.000E+00   1.00000    0.0000
     210                                                                                                    1.00000    0.0000
     211  0/19:34:49.0  00:02:20.0      45         4         1        1       0.000      0      1.470E-09   0.38546    0.9227
     211                                                                                                    0.24543    0.9694
     212  0/19:34:49.0  00:02:20.0      45         5         1        1       0.000      0     -3.943E-10   0.34723   -0.9378
     212                                                                                                    0.30980   -0.9508
     213  0/19:34:49.0  00:02:20.0      45         6         1        1       0.000      0      3.935E-10   0.33183   -0.9433
     213                                                                                                    0.36889   -0.9295
     214  0/19:37:59.0  00:02:00.0      46         1         1        1       0.000      0     -4.847E-10   0.26584    0.9640
     214                                                                                                    0.31248    0.9499
     215  0/19:37:59.0  00:02:00.0      46         2         1        1       0.000      0      0.000E+00   1.00000    0.0000
     215                                                                                                    1.00000    0.0000
     216  0/19:37:59.0  00:02:00.0      46         4         1        1       0.000      0      1.392E-09  -0.28654   -0.9581
     216                                                                                                   -0.15011   -0.9887
     217  0/19:37:59.0  00:02:00.0      46         5         1        1       0.000      0     -5.489E-10  -0.95621   -0.2927
     217                                                                                                   -0.97090   -0.2395
     218  0/19:37:59.0  00:02:00.0      46         6         1        1       0.000      0      3.794E-10   0.40980    0.9122
     218                                                                                                    0.37472    0.9271
     219  0/19:40:49.0  00:02:18.0      47         1         1        1       0.000      0     -6.922E-10   0.99057    0.1370
     219                                                                                                    0.99770    0.0678
     220  0/19:40:49.0  00:02:18.0      47         2         1        1       0.000      0      0.000E+00   1.00000    0.0000
     220                                                                                                    1.00000    0.0000
     221  0/19:40:49.0  00:02:18.0      47         4         1        1       0.000      0      1.564E-09  -0.96834   -0.2496
     221                                                                                                   -0.91732   -0.3982
     222  0/19:40:49.0  00:02:18.0      47         5         1        1       0.000      0     -9.528E-10   0.52108    0.8535
     222                                                                                                    0.60031    0.7998
     223  0/19:40:49.0  00:02:18.0      47         6         1        1       0.000      0      2.965E-10  -0.12192   -0.9925
     223                                                                                                   -0.09229   -0.9957
     224  0/19:43:51.0  00:02:16.0      48         1         1        1       0.000      0     -6.130E-10  -0.15844   -0.9874
     224                                                                                                   -0.21894   -0.9757
     225  0/19:43:51.0  00:02:16.0      48         2         1        1       0.000      0      0.000E+00   1.00000    0.0000
     225                                                                                                    1.00000    0.0000
     226  0/19:43:51.0  00:02:16.0      48         4         1        1       0.000      0      1.368E-09  -0.99997    0.0072
     226                                                                                                   -0.99152   -0.1300
     227  0/19:43:51.0  00:02:16.0      48         5         1        1       0.000      0     -7.545E-10  -0.85435   -0.5197
     227                                                                                                   -0.89128   -0.4535
     228  0/19:43:51.0  00:02:16.0      48         6         1        1       0.000      0      3.238E-10   0.50520    0.8630
     228                                                                                                    0.47685    0.8790
     229  0/19:46:54.0  00:02:10.0      49         1         1        1       0.000      0     -1.131E-09   0.90931    0.4161
     229                                                                                                    0.95064    0.3103
     230  0/19:46:54.0  00:02:10.0      49         2         1        1       0.000      0      0.000E+00   1.00000    0.0000
     230                                                                                                    1.00000    0.0000
     231  0/19:46:54.0  00:02:10.0      49         4         1        1       0.000      0      8.667E-10   0.99991    0.0137
     231                                                                                                    0.99492    0.1007
     232  0/19:46:54.0  00:02:10.0      49         5         1        1       0.000      0     -1.411E-09  -0.12802   -0.9918
     232                                                                                                   -0.26696   -0.9637
     233  0/19:49:41.0  00:02:36.0      50         1         1        1       0.000      0     -6.773E-10   0.93795   -0.3468
     233                                                                                                    0.91218   -0.4098
     234  0/19:49:41.0  00:02:36.0      50         2         1        1       0.000      0      0.000E+00   1.00000    0.0000
     234                                                                                                    1.00000    0.0000
     235  0/19:49:41.0  00:02:36.0      50         4         1        1       0.000      0      1.350E-09  -0.15577    0.9878
     235                                                                                                   -0.28802    0.9576
     236  0/19:49:41.0  00:02:36.0      50         5         1        1       0.000      0     -8.715E-10  -0.32556   -0.9455
     236                                                                                                   -0.40705   -0.9134
     237  0/19:49:41.0  00:02:36.0      50         6         1        1       0.000      0      1.301E-10  -0.72824    0.6853
     237                                                                                                   -0.73714    0.6757
     238  0/19:52:47.0  00:02:24.0       8         1         1        1       0.000      0     -9.771E-10  -0.70056    0.7136
     238                                                                                                   -0.62720    0.7789
     239  0/19:52:47.0  00:02:24.0       8         2         1        1       0.000      0      0.000E+00   1.00000    0.0000
     239                                                                                                    1.00000    0.0000
     240  0/19:52:47.0  00:02:24.0       8         4         1        1       0.000      0      1.282E-09  -0.12280    0.9924
     240                                                                                                   -0.24934    0.9684
     241  0/19:52:47.0  00:02:24.0       8         5         1        1       0.000      0     -1.027E-09   0.99940   -0.0345
     241                                                                                                    0.99052   -0.1374
     242  0/19:55:49.0  00:02:20.0       9         1         1        1       0.000      0     -9.549E-10   0.97674    0.2144
     242                                                                                                    0.99280    0.1198
     243  0/19:55:49.0  00:02:20.0       9         4         1        1       0.000      0      1.687E-09   0.99642   -0.0845
     243                                                                                                    0.99639    0.0848
     244  0/19:55:49.0  00:02:20.0       9         5         1        1       0.000      0     -1.251E-09   0.54454   -0.8387
     244                                                                                                    0.43508   -0.9004
     245  0/19:58:53.0  00:02:10.0      51         1         1        1       0.000      0     -9.325E-10  -0.00019   -1.0000
     245                                                                                                   -0.09380   -0.9956
     246  0/19:58:53.0  00:02:10.0      51         2         1        1       0.000      0      0.000E+00   1.00000    0.0000
     246                                                                                                    1.00000    0.0000
     247  0/19:58:53.0  00:02:10.0      51         4         1        1       0.000      0      1.288E-09  -0.11302   -0.9936
     247                                                                                                    0.01627   -0.9999
     248  0/19:58:53.0  00:02:10.0      51         5         1        1       0.000      0     -1.168E-09  -0.62223    0.7828
     248                                                                                                   -0.52622    0.8503
