       1  0/02:48:08.0  00:01:40.0       2         1         1        1       0.000      0      1.127E-09  -0.90797   0.41904
       1                                                                                                   -0.94952   0.31370
       2  0/02:48:08.0  00:01:40.0       2         2         1        1       0.000      0           INDE  -0.90797   0.41904
       2                                                                                                   -0.94952   0.31370
       3  0/02:48:08.0  00:01:40.0       2         4         1        1       0.000      0     -2.779E-09   0.99992   0.01270
       3                                                                                                    0.96465  -0.26355
       4  0/02:51:05.0  00:01:46.0       3         1         1        1       0.000      0      1.127E-09  -0.90770   0.41961
       4                                                                                                   -0.94932   0.31430
       5  0/02:51:05.0  00:01:46.0       3         2         1        1       0.000      0      0.000E+00   1.00000   0.00000
       5                                                                                                    1.00000   0.00000
       6  0/02:51:05.0  00:01:46.0       3         4         1        1       0.000      0     -2.673E-09  -0.75087  -0.66045
       6                                                                                                   -0.89927  -0.43738
       7  0/02:53:58.0  00:02:02.0       4         1         1        1       0.000      0      9.464E-10  -0.99936  -0.03582
       7                                                                                                   -0.99144  -0.13059
       8  0/02:53:58.0  00:02:02.0       4         2         1        1       0.000      0      0.000E+00   1.00000   0.00000
       8                                                                                                    1.00000   0.00000
       9  0/02:53:58.0  00:02:02.0       4         4         1        1       0.000      0     -2.765E-09  -0.56416   0.82567
       9                                                                                                   -0.31590   0.94879
      10  0/02:53:58.0  00:02:02.0       4         5         1        1       0.000      0      5.391E-10  -0.95574   0.29422
      10                                                                                                   -0.97027   0.24202
      11  0/02:56:28.0  00:02:00.0       5         1         1        1       0.000      0      1.090E-09  -0.33138   0.94350
      11                                                                                                   -0.43261   0.90158
      12  0/02:56:28.0  00:02:00.0       5         2         1        1       0.000      0      0.000E+00   1.00000   0.00000
      12                                                                                                    1.00000   0.00000
      13  0/02:56:28.0  00:02:00.0       5         4         1        1       0.000      0     -2.967E-09  -0.95057   0.31052
      13                                                                                                   -0.81734   0.57615
      14  0/02:56:28.0  00:02:00.0       5         5         1        1       0.000      0      7.728E-10   0.49307   0.86999
      14                                                                                                    0.42406   0.90563
      15  0/02:59:13.0  00:01:30.0       6         1         1        1       0.000      0      1.021E-09   0.68336   0.73008
      15                                                                                                    0.60492   0.79629
      16  0/02:59:13.0  00:01:30.0       6         2         1        1       0.000      0      0.000E+00   1.00000   0.00000
      16                                                                                                    1.00000   0.00000
      17  0/02:59:13.0  00:01:30.0       6         4         1        1       0.000      0     -3.007E-09   0.11191   0.99372
      17                                                                                                    0.40269   0.91534
      18  0/02:59:13.0  00:01:30.0       6         5         1        1       0.000      0      5.326E-10  -0.25556  -0.96679
      18                                                                                                   -0.20346  -0.97908
      19  0/03:01:38.0  00:01:42.0       7         1         1        1       0.000      0      1.112E-09   0.65173  -0.75845
      19                                                                                                    0.73227  -0.68101
      20  0/03:01:38.0  00:01:42.0       7         4         1        1       0.000      0     -3.132E-09  -0.37105  -0.92861
      20                                                                                                   -0.64041  -0.76803
      21  0/03:01:38.0  00:01:42.0       7         5         1        1       0.000      0      6.650E-11  -0.98860   0.15055
      21                                                                                                   -0.98959   0.14394
      22  0/03:06:14.0  00:01:28.0       8         1         1        1       0.000      0      1.284E-09   0.47320  -0.88095
      22                                                                                                    0.58270  -0.81269
      23  0/03:06:14.0  00:01:28.0       8         2         1        1       0.000      0      0.000E+00   1.00000   0.00000
      23                                                                                                    1.00000   0.00000
      24  0/03:06:14.0  00:01:28.0       8         4         1        1       0.000      0     -3.198E-09   0.56236   0.82690
      24                                                                                                    0.79486   0.60679
      25  0/03:06:14.0  00:01:28.0       8         5         1        1       0.000      0      9.554E-10  -0.51653   0.85627
      25                                                                                                   -0.59627   0.80279
      26  0/03:08:37.0  00:01:42.0       9         1         1        1       0.000      0      1.297E-09  -0.14288   0.98974
      26                                                                                                   -0.27037   0.96276
      27  0/03:08:37.0  00:01:42.0       9         2         1        1       0.000      0      0.000E+00   1.00000   0.00000
      27                                                                                                    1.00000   0.00000
      28  0/03:08:37.0  00:01:42.0       9         4         1        1       0.000      0     -2.758E-09  -0.21843  -0.97585
      28                                                                                                   -0.47721  -0.87879
      29  0/03:08:37.0  00:01:42.0       9         5         1        1       0.000      0      9.722E-10   0.40768   0.91313
      29                                                                                                    0.31663   0.94855
      30  0/03:11:11.0  00:01:36.0      10         1         1        1       0.000      0      1.279E-09  -0.31371   0.94952
      30                                                                                                   -0.43287   0.90146
      31  0/03:11:11.0  00:01:36.0      10         2         1        1       0.000      0      0.000E+00   1.00000   0.00000
      31                                                                                                    1.00000   0.00000
      32  0/03:11:11.0  00:01:36.0      10         4         1        1       0.000      0     -2.805E-09   0.01915  -0.99982
      32                                                                                                   -0.25981  -0.96566
      33  0/03:11:11.0  00:01:36.0      10         5         1        1       0.000      0      9.900E-10   0.20194   0.97940
      33                                                                                                    0.10363   0.99462
      34  0/03:11:11.0  00:01:36.0      10         6         1        1       0.000      0     -6.108E-10   0.98743  -0.15806
      34                                                                                                    0.97587  -0.21836
      35  0/03:13:08.0  00:01:42.0      11         1         1        1       0.000      0      1.186E-09  -0.13494   0.99085
      35                                                                                                   -0.25182   0.96777
      36  0/03:13:08.0  00:01:42.0      11         2         1        1       0.000      0      0.000E+00   1.00000   0.00000
      36                                                                                                    1.00000   0.00000
      37  0/03:13:08.0  00:01:42.0      11         4         1        1       0.000      0     -2.564E-09   0.52285  -0.85242
      37                                                                                                    0.28828  -0.95755
      38  0/03:13:08.0  00:01:42.0      11         5         1        1       0.000      0      1.062E-09   0.37334   0.92769
      38                                                                                                    0.27240   0.96218
      39  0/03:13:08.0  00:01:42.0      11         6         1        1       0.000      0     -6.191E-10   0.60191  -0.79856
      39                                                                                                    0.55108  -0.83445
      40  0/03:15:50.0  00:02:16.0      12         1         1        1       0.000      0      1.136E-09   0.16836   0.98572
      40                                                                                                    0.05493   0.99849
      41  0/03:15:50.0  00:02:16.0      12         2         1        1       0.000      0      0.000E+00   1.00000   0.00000
      41                                                                                                    1.00000   0.00000
      42  0/03:15:50.0  00:02:16.0      12         4         1        1       0.000      0     -2.851E-09  -0.92172  -0.38786
      42                                                                                                   -0.99377  -0.11143
      43  0/03:15:50.0  00:02:16.0      12         5         1        1       0.000      0      7.797E-10   0.38476  -0.92302
      43                                                                                                    0.45585  -0.89006
      44  0/03:15:50.0  00:02:16.0      12         6         1        1       0.000      0     -8.355E-10   0.19493   0.98082
      44                                                                                                    0.27653   0.96101
      45  0/03:18:43.0  00:01:30.0      13         1         1        1       0.000      0      1.077E-09   0.54440   0.83883
      45                                                                                                    0.45052   0.89277
      46  0/03:18:43.0  00:01:30.0      13         2         1        1       0.000      0      0.000E+00   1.00000   0.00000
      46                                                                                                    1.00000   0.00000
      47  0/03:18:43.0  00:01:30.0      13         5         1        1       0.000      0      6.973E-10   0.40704   0.91341
      47                                                                                                    0.34206   0.93968
      48  0/03:20:56.0  00:02:06.0      14         1         1        1       0.000      0      9.897E-10  -0.00035   1.00000
      48                                                                                                   -0.09968   0.99502
      49  0/03:20:56.0  00:02:06.0      14         2         1        1       0.000      0      0.000E+00   1.00000   0.00000
      49                                                                                                    1.00000   0.00000
      50  0/03:20:56.0  00:02:06.0      14         5         1        1       0.000      0      6.496E-10  -0.11414   0.99346
      50                                                                                                   -0.17873   0.98390
      51  0/03:23:00.0  00:01:58.0       3         2         1        1       0.000      0      0.000E+00   1.00000   0.00000
      51                                                                                                    1.00000   0.00000
      52  0/03:23:00.0  00:01:58.0       3         4         1        1       0.000      0     -2.806E-09   0.95949   0.28174
      52                                                                                                    0.99999   0.00349
      53  0/03:23:00.0  00:01:58.0       3         6         1        1       0.000      0     -1.001E-09  -0.44881   0.89363
      53                                                                                                   -0.35677   0.93419
      54  0/03:25:00.0  00:01:58.0       3         1         1        1       0.000      0      1.090E-09  -0.70872   0.70549
      54                                                                                                   -0.78163   0.62374
      55  0/03:25:00.0  00:01:58.0       3         2         1        1       0.000      0      0.000E+00   1.00000   0.00000
      55                                                                                                    1.00000   0.00000
      56  0/03:25:00.0  00:01:58.0       3         4         1        1       0.000      0     -2.385E-09   0.94569  -0.32506
      56                                                                                                    0.84145  -0.54034
      57  0/03:25:00.0  00:01:58.0       3         5         1        1       0.000      0      7.522E-10   0.16526  -0.98625
      57                                                                                                    0.23930  -0.97094
      58  0/03:25:00.0  00:01:58.0       3         6         1        1       0.000      0     -6.046E-10   0.21078   0.97753
      58                                                                                                    0.26977   0.96292
      59  0/03:29:22.0  00:01:14.0      15         1         1        1       0.000      0      7.825E-10   0.96830   0.24977
      59                                                                                                    0.94568   0.32510
      60  0/03:29:22.0  00:01:14.0      15         2         1        1       0.000      0      0.000E+00   1.00000   0.00000
      60                                                                                                    1.00000   0.00000
      61  0/03:29:22.0  00:01:14.0      15         5         1        1       0.000      0      5.072E-10   0.95903  -0.28330
      61                                                                                                    0.97223  -0.23405
      62  0/09:04:44.0  00:00:30.0      16         1         1        1       0.000      0      3.462E-10   0.45406   0.89097
      62                                                                                                    0.42278   0.90623
      63  0/09:04:44.0  00:00:30.0      16         2         1        1       0.000      0      0.000E+00   1.00000   0.00000
      63                                                                                                    1.00000   0.00000
      64  0/09:04:44.0  00:00:30.0      16         4         1        1       0.000      0     -1.471E-09   0.82111   0.57077
      64                                                                                                    0.89624   0.44357
      65  0/09:06:30.0  00:01:56.0      17         1         1        1       0.000      0      6.003E-12  -0.62033   0.78434
      65                                                                                                   -0.62080   0.78397
      66  0/09:06:30.0  00:01:56.0      17         2         1        1       0.000      0      0.000E+00   1.00000   0.00000
      66                                                                                                    1.00000   0.00000
      67  0/09:06:30.0  00:01:56.0      17         4         1        1       0.000      0     -1.981E-09  -0.42177  -0.90670
      67                                                                                                   -0.59279  -0.80536
      68  0/09:06:30.0  00:01:56.0      17         5         1        1       0.000      0     -3.847E-10   0.23004  -0.97318
      68                                                                                                    0.19224  -0.98135
      69  0/09:11:30.0  00:01:58.0       6         1         1        1       0.000      0      6.385E-10  -0.29312  -0.95608
      69                                                                                                   -0.23119  -0.97291
      70  0/09:11:30.0  00:01:58.0       6         2         1        1       0.000      0      0.000E+00   1.00000   0.00000
      70                                                                                                    1.00000   0.00000
      71  0/09:11:30.0  00:01:58.0       6         4         1        1       0.000      0     -1.400E-09  -0.35672  -0.93421
      71                                                                                                   -0.48426  -0.87492
      72  0/09:11:30.0  00:01:58.0       6         5         1        1       0.000      0      3.477E-10  -0.84999  -0.52679
      72                                                                                                   -0.83107  -0.55617
      73  0/09:14:14.0  00:02:28.0      18         1         1        1       0.000      0      4.161E-10   0.63649   0.77129
      73                                                                                                    0.60368   0.79723
      74  0/09:14:14.0  00:02:28.0      18         2         1        1       0.000      0      0.000E+00   1.00000   0.00000
      74                                                                                                    1.00000   0.00000
      75  0/09:14:14.0  00:02:28.0      18         4         1        1       0.000      0     -1.573E-09   0.96651  -0.25665
      75                                                                                                    0.91403  -0.40564
      76  0/09:14:14.0  00:02:28.0      18         5         1        1       0.000      0      2.775E-10  -0.32939  -0.94420
      76                                                                                                   -0.30292  -0.95302
      77  0/09:17:01.0  00:01:56.0       7         1         1        1       0.000      0      3.631E-10   0.96548  -0.26049
      77                                                                                                    0.97434  -0.22509
      78  0/09:17:01.0  00:01:56.0       7         2         1        1       0.000      0      0.000E+00   1.00000   0.00000
      78                                                                                                    1.00000   0.00000
      79  0/09:17:01.0  00:01:56.0       7         4         1        1       0.000      0     -1.747E-09   0.83113  -0.55608
      79                                                                                                    0.72117  -0.69276
      80  0/09:17:01.0  00:01:56.0       7         5         1        1       0.000      0      1.632E-10  -0.09707  -0.99528
      80                                                                                                   -0.08073  -0.99674
      81  0/09:19:23.0  00:02:10.0      19         1         1        1       0.000      0      1.582E-10   0.83554  -0.54944
      81                                                                                                    0.84417  -0.53608
      82  0/09:19:23.0  00:02:10.0      19         2         1        1       0.000      0      0.000E+00   1.00000   0.00000
      82                                                                                                    1.00000   0.00000
      83  0/09:19:23.0  00:02:10.0      19         4         1        1       0.000      0     -1.174E-09  -0.91203  -0.41013
      83                                                                                                   -0.95398  -0.29985
      84  0/09:19:23.0  00:02:10.0      19         5         1        1       0.000      0     -2.833E-10  -0.90388  -0.42778
      84                                                                                                   -0.91570  -0.40187
      85  0/09:21:50.0  00:01:16.0      20         1         1        1       0.000      0      2.616E-10   0.86679  -0.49867
      85                                                                                                    0.87961  -0.47570
      86  0/09:21:50.0  00:01:16.0      20         2         1        1       0.000      0      0.000E+00   1.00000   0.00000
      86                                                                                                    1.00000   0.00000
      87  0/09:21:50.0  00:01:16.0      20         4         1        1       0.000      0     -1.522E-09   0.93038  -0.36660
      87                                                                                                    0.86362  -0.50415
      88  0/09:21:50.0  00:01:16.0      20         5         1        1       0.000      0     -3.759E-11   0.34140   0.93992
      88                                                                                                    0.34495   0.93862
      89  0/09:23:48.0  00:01:20.0      21         1         1        1       0.000      0      3.501E-10   0.84367  -0.53686
      89                                                                                                    0.86204  -0.50683
      90  0/09:23:48.0  00:01:20.0      21         2         1        1       0.000      0      0.000E+00   1.00000   0.00000
      90                                                                                                    1.00000   0.00000
      91  0/09:23:48.0  00:01:20.0      21         4         1        1       0.000      0     -1.363E-09   0.43378   0.90102
      91                                                                                                    0.55282   0.83330
      92  0/09:23:48.0  00:01:20.0      21         5         1        1       0.000      0      1.344E-10   0.97155  -0.23684
      92                                                                                                    0.97466  -0.22369
      93  0/09:25:42.0  00:01:32.0      22         1         1        1       0.000      0     -4.598E-10   0.86961  -0.49375
      93                                                                                                    0.84586  -0.53341
      94  0/09:25:42.0  00:01:32.0      22         2         1        1       0.000      0      0.000E+00   1.00000   0.00000
      94                                                                                                    1.00000   0.00000
      95  0/09:25:42.0  00:01:32.0      22         4         1        1       0.000      0     -1.541E-09   0.94360  -0.33108
      95                                                                                                    0.88123  -0.47269
      96  0/09:25:42.0  00:01:32.0      22         5         1        1       0.000      0     -3.940E-10   0.15894  -0.98729
      96                                                                                                    0.11972  -0.99281
      97  0/09:29:15.0  00:02:26.0      23         1         1        1       0.000      0      4.527E-10   0.27198   0.96230
      97                                                                                                    0.22792   0.97368
      98  0/09:29:15.0  00:02:26.0      23         2         1        1       0.000      0      0.000E+00   1.00000   0.00000
      98                                                                                                    1.00000   0.00000
      99  0/09:29:15.0  00:02:26.0      23         4         1        1       0.000      0           INDE   1.00000   0.00000
      99                                                                                                    1.00000   0.00000
     100  0/09:29:15.0  00:02:26.0      23         5         1        1       0.000      0      2.146E-10  -0.42260  -0.90632
     100                                                                                                   -0.40295  -0.91522
     101  0/09:29:15.0  00:02:26.0      23         6         1        1       0.000      0     -2.737E-10  -0.74479   0.66730
     101                                                                                                   -0.72615   0.68754
     102  0/09:32:42.0  00:01:32.0      24         1         1        1       0.000      0      3.379E-10   0.99184   0.12747
     102                                                                                                    0.98694   0.16108
     103  0/09:32:42.0  00:01:32.0      24         2         1        1       0.000      0      0.000E+00   1.00000   0.00000
     103                                                                                                    1.00000   0.00000
     104  0/09:32:42.0  00:01:32.0      24         4         1        1       0.000      0     -1.267E-09   0.76500  -0.64403
     104                                                                                                    0.67698  -0.73600
     105  0/09:32:42.0  00:01:32.0      24         5         1        1       0.000      0      2.851E-10  -0.31243   0.94994
     105                                                                                                   -0.33952   0.94060
     106  0/09:32:42.0  00:01:32.0      24         6         1        1       0.000      0     -3.542E-10  -0.37195   0.92825
     106                                                                                                   -0.33867   0.94091
     107  0/09:36:11.0  00:02:36.0      25         1         1        1       0.000      0      3.451E-10  -0.44220  -0.89692
     107                                                                                                   -0.41082  -0.91172
     108  0/09:36:11.0  00:02:36.0      25         2         1        1       0.000      0      0.000E+00   1.00000   0.00000
     108                                                                                                    1.00000   0.00000
     109  0/09:36:11.0  00:02:36.0      25         4         1        1       0.000      0     -1.172E-09   0.98843   0.15171
     109                                                                                                    0.99941   0.03446
     110  0/09:36:11.0  00:02:36.0      25         5         1        1       0.000      0     -2.467E-11  -0.98783  -0.15551
     110                                                                                                   -0.98822  -0.15306
     111  0/09:39:12.0  00:01:34.0      26         1         1        1       0.000      0      1.994E-10   0.86484  -0.50206
     111                                                                                                    0.87473  -0.48462
     112  0/09:39:12.0  00:01:34.0      26         2         1        1       0.000      0      0.000E+00   1.00000   0.00000
     112                                                                                                    1.00000   0.00000
     113  0/09:39:12.0  00:01:34.0      26         4         1        1       0.000      0     -1.465E-09   0.87583   0.48262
     113                                                                                                    0.93718   0.34886
     114  0/09:39:12.0  00:01:34.0      26         5         1        1       0.000      0     -1.618E-10  -0.23074  -0.97302
     114                                                                                                   -0.24653  -0.96914
     115  0/09:39:12.0  00:01:34.0      26         6         1        1       0.000      0     -5.435E-10   0.45467  -0.89066
     115                                                                                                    0.40536  -0.91416
     116  0/09:41:05.0  00:01:46.0      27         1         1        1       0.000      0      2.340E-10   0.61846  -0.78582
     116                                                                                                    0.63677  -0.77106
     117  0/09:41:05.0  00:01:46.0      27         2         1        1       0.000      0      0.000E+00   1.00000   0.00000
     117                                                                                                    1.00000   0.00000
     118  0/09:41:05.0  00:01:46.0      27         4         1        1       0.000      0     -1.346E-09   0.32712  -0.94498
     118                                                                                                    0.19669  -0.98047
     119  0/09:41:05.0  00:01:46.0      27         5         1        1       0.000      0     -1.565E-10  -0.73863  -0.67411
     119                                                                                                   -0.74915  -0.66240
     120  0/09:41:05.0  00:01:46.0      27         6         1        1       0.000      0     -5.511E-10  -0.62041  -0.78428
     120                                                                                                   -0.66288  -0.74873
     121  0/09:43:57.0  00:02:02.0      28         1         1        1       0.000      0     -1.667E-10  -0.97052  -0.24102
     121                                                                                                   -0.97442  -0.22473
     122  0/09:43:57.0  00:02:02.0      28         2         1        1       0.000      0      0.000E+00   1.00000   0.00000
     122                                                                                                    1.00000   0.00000
     123  0/09:43:57.0  00:02:02.0      28         4         1        1       0.000      0     -1.803E-09   0.48797  -0.87286
     123                                                                                                    0.32264  -0.94652
     124  0/09:43:57.0  00:02:02.0      28         5         1        1       0.000      0     -5.521E-10   0.65545   0.75524
     124                                                                                                    0.69634   0.71771
     125  0/12:50:15.0  00:01:28.0      29         4         1        1       0.000      0     -4.326E-10  -0.38006  -0.92496
     125                                                                                                   -0.41992  -0.90756
     126  0/12:50:15.0  00:01:28.0      29         5         1        1       0.000      0      2.045E-10  -0.14218  -0.98984
     126                                                                                                   -0.12180  -0.99255
     127  0/12:52:00.0  00:01:58.0      17         1         1        1       0.000      0     -1.227E-10  -0.97534   0.22069
     127                                                                                                   -0.97255   0.23271
     128  0/12:52:00.0  00:01:58.0      17         2         1        1       0.000      0      0.000E+00   1.00000   0.00000
     128                                                                                                    1.00000   0.00000
     129  0/12:52:00.0  00:01:58.0      17         4         1        1       0.000      0     -4.198E-10  -0.99396   0.10977
     129                                                                                                   -0.98844   0.15160
     130  0/12:52:00.0  00:01:58.0      17         5         1        1       0.000      0     -9.821E-11  -0.79008   0.61301
     130                                                                                                   -0.78399   0.62078
     131  0/12:55:05.0  00:01:46.0      30         1         1        1       0.000      0     -2.624E-10  -0.73734  -0.67552
     131                                                                                                   -0.75490  -0.65584
     132  0/12:55:05.0  00:01:46.0      30         2         1        1       0.000      0      0.000E+00   1.00000   0.00000
     132                                                                                                    1.00000   0.00000
     133  0/12:55:05.0  00:01:46.0      30         4         1        1       0.000      0     -6.489E-10   0.48829  -0.87268
     133                                                                                                    0.43036  -0.90266
     134  0/12:55:05.0  00:01:46.0      30         5         1        1       0.000      0     -4.239E-10   0.95304  -0.30286
     134                                                                                                    0.93927  -0.34318
     135  0/12:58:13.0  00:01:30.0      28         1         1        1       0.000      0     -1.120E-10  -0.15473   0.98796
     135                                                                                                   -0.14360   0.98964
     136  0/12:58:13.0  00:01:30.0      28         2         1        1       0.000      0      0.000E+00   1.00000   0.00000
     136                                                                                                    1.00000   0.00000
     137  0/12:58:13.0  00:01:30.0      28         4         1        1       0.000      0     -2.030E-10   0.79307  -0.60913
     137                                                                                                    0.78048  -0.62518
     138  0/12:58:13.0  00:01:30.0      28         5         1        1       0.000      0     -2.630E-10   0.11845  -0.99296
     138                                                                                                    0.09216  -0.99574
     139  0/12:58:13.0  00:01:30.0      28         6         1        1       0.000      0     -1.295E-10   0.26848   0.96328
     139                                                                                                    0.28100   0.95971
     140  0/13:00:21.0  00:01:14.0      31         1         1        1       0.000      0     -8.967E-11   0.99326   0.11591
     140                                                                                                    0.99426   0.10696
     141  0/13:00:21.0  00:01:14.0      31         2         1        1       0.000      0      0.000E+00   1.00000   0.00000
     141                                                                                                    1.00000   0.00000
     142  0/13:00:21.0  00:01:14.0      31         4         1        1       0.000      0     -2.385E-10  -0.99302   0.11798
     142                                                                                                   -0.98990   0.14175
     143  0/13:00:21.0  00:01:14.0      31         5         1        1       0.000      0     -2.190E-10  -0.75295   0.65808
     143                                                                                                   -0.73828   0.67450
     144  0/13:00:21.0  00:01:14.0      31         6         1        1       0.000      0     -1.763E-10  -0.73499  -0.67808
     144                                                                                                   -0.74689  -0.66494
     145  0/13:02:32.0  00:00:54.0      32         1         1        1       0.000      0     -6.135E-10  -0.99191   0.12691
     145                                                                                                   -0.98221   0.18781
     146  0/13:02:32.0  00:00:54.0      32         2         1        1       0.000      0      0.000E+00   1.00000   0.00000
     146                                                                                                    1.00000   0.00000
     147  0/13:02:32.0  00:00:54.0      32         4         1        1       0.000      0     -4.753E-10   0.63999  -0.76839
     147                                                                                                    0.60255  -0.79808
     148  0/13:02:32.0  00:00:54.0      32         5         1        1       0.000      0     -8.984E-10  -0.95694  -0.29029
     148                                                                                                   -0.97922  -0.20280
     149  0/13:05:14.0  00:01:30.0      33         1         1        1       0.000      0     -3.623E-10  -0.94933   0.31429
     149                                                                                                   -0.93725   0.34866
     150  0/13:05:14.0  00:01:30.0      33         2         1        1       0.000      0      0.000E+00   1.00000   0.00000
     150                                                                                                    1.00000   0.00000
     151  0/13:05:14.0  00:01:30.0      33         4         1        1       0.000      0     -5.491E-10  -0.89141  -0.45320
     151                                                                                                   -0.91506  -0.40332
     152  0/13:05:14.0  00:01:30.0      33         5         1        1       0.000      0     -6.650E-10   0.29306   0.95609
     152                                                                                                    0.35627   0.93438
     153  0/13:10:39.0  00:00:38.0      34         1         1        1       0.000      0     -7.468E-11   0.47216  -0.88151
     153                                                                                                    0.46553  -0.88503
     154  0/13:10:39.0  00:00:38.0      34         2         1        1       0.000      0           INDE   0.47216  -0.88151
     154                                                                                                    0.46553  -0.88503
     155  0/13:10:39.0  00:00:38.0      34         4         1        1       0.000      0     -4.394E-11   0.39535   0.91853
     155                                                                                                    0.39940   0.91678
     156  0/13:10:39.0  00:00:38.0      34         5         1        1       0.000      0      4.990E-10   0.96156  -0.27461
     156                                                                                                    0.97412  -0.22605
     157  0/13:11:52.0  00:01:14.0      35         1         1        1       0.000      0     -1.007E-11   0.71963  -0.69435
     157                                                                                                    0.71893  -0.69508
     158  0/13:11:52.0  00:01:14.0      35         2         1        1       0.000      0           INDE   0.71963  -0.69435
     158                                                                                                    0.71893  -0.69508
     159  0/13:11:52.0  00:01:14.0      35         4         1        1       0.000      0     -9.049E-11  -0.19438   0.98093
     159                                                                                                   -0.18545   0.98265
     160  0/13:11:52.0  00:01:14.0      35         5         1        1       0.000      0     -1.078E-10   0.72845   0.68510
     160                                                                                                    0.73583   0.67717
     161  0/13:13:40.0  00:01:08.0      23         1         1        1       0.000      0      8.552E-11   0.89734  -0.44134
     161                                                                                                    0.90110  -0.43361
     162  0/13:13:40.0  00:01:08.0      23         2         1        1       0.000      0           INDE   0.89734  -0.44134
     162                                                                                                    0.90110  -0.43361
     163  0/13:13:40.0  00:01:08.0      23         4         1        1       0.000      0      2.491E-10   0.70967  -0.70454
     163                                                                                                    0.72708  -0.68655
     164  0/13:13:40.0  00:01:08.0      23         5         1        1       0.000      0      2.677E-10   0.93356  -0.35843
     164                                                                                                    0.94286  -0.33318
     165  0/13:18:58.0  00:02:02.0      37         1         1        1       0.000      0      3.670E-10   0.83344  -0.55260
     165                                                                                                    0.85326  -0.52149
     166  0/13:18:58.0  00:02:02.0      37         2         1        1       0.000      0           INDE   0.83344  -0.55260
     166                                                                                                    0.85326  -0.52149
     167  0/13:18:58.0  00:02:02.0      37         4         1        1       0.000      0      1.052E-10   0.48017   0.87718
     167                                                                                                    0.47086   0.88221
     168  0/13:18:58.0  00:02:02.0      37         5         1        1       0.000      0      3.368E-10   0.94975  -0.31301
     168                                                                                                    0.95980  -0.28068
     169  0/13:22:01.0  00:01:56.0      40         1         1        1       0.000      0      5.290E-10   0.20441  -0.97889
     169                                                                                                    0.25615  -0.96664
     170  0/13:22:01.0  00:01:56.0      40         2         1        1       0.000      0           INDE   0.20441  -0.97889
     170                                                                                                    0.25615  -0.96664
     171  0/13:22:01.0  00:01:56.0      40         4         1        1       0.000      0      5.010E-10  -0.75246  -0.65864
     171                                                                                                   -0.71835  -0.69568
     172  0/13:22:01.0  00:01:56.0      40         5         1        1       0.000      0      7.193E-10  -0.61026  -0.79220
     172                                                                                                   -0.55144  -0.83422
     173  0/13:22:01.0  00:01:56.0      40         6         1        1       0.000      0      5.242E-10  -0.24080  -0.97058
     173                                                                                                   -0.18934  -0.98191
     174  0/13:24:09.0  00:01:38.0      38         1         1        1       0.000      0      6.422E-10  -0.60169  -0.79873
     174                                                                                                   -0.54890  -0.83589
     175  0/13:24:09.0  00:01:38.0      38         2         1        1       0.000      0           INDE  -0.60169  -0.79873
     175                                                                                                   -0.54890  -0.83589
     176  0/13:24:09.0  00:01:38.0      38         4         1        1       0.000      0      6.698E-10   0.00908   0.99996
     176                                                                                                   -0.05822   0.99830
     177  0/13:24:09.0  00:01:38.0      38         5         1        1       0.000      0      6.627E-10  -0.99058  -0.13693
     177                                                                                                   -0.97927  -0.20257
     178  0/13:24:09.0  00:01:38.0      38         6         1        1       0.000      0      6.361E-10  -0.94739   0.32010
     178                                                                                                   -0.96591   0.25890
     179  0/13:26:31.0  00:00:54.0      39         1         1        1       0.000      0      7.679E-10  -0.95095   0.30935
     179                                                                                                   -0.97197   0.23509
     180  0/13:26:31.0  00:00:54.0      39         2         1        1       0.000      0      0.000E+00   1.00000   0.00000
     180                                                                                                    1.00000   0.00000
     181  0/13:26:31.0  00:00:54.0      39         5         1        1       0.000      0      8.919E-10   0.19459  -0.98088
     181                                                                                                    0.28164  -0.95952
     182  0/13:28:30.0  00:02:58.0      29         1         1        1       0.000      0     -1.880E-10  -0.47412   0.88046
     182                                                                                                   -0.45739   0.88926
     183  0/13:28:30.0  00:02:58.0      29         2         1        1       0.000      0      0.000E+00   1.00000   0.00000
     183                                                                                                    1.00000   0.00000
     184  0/13:28:30.0  00:02:58.0      29         4         1        1       0.000      0     -1.789E-10   0.99692  -0.07837
     184                                                                                                    0.99535  -0.09629
     185  0/13:28:30.0  00:02:58.0      29         5         1        1       0.000      0     -3.258E-10   0.99844  -0.05590
     185                                                                                                    0.99607  -0.08856
     186  0/13:28:30.0  00:02:58.0      29         6         1        1       0.000      0     -1.979E-10   0.99741  -0.07188
     186                                                                                                    0.99579  -0.09171
     187  0/19:18:23.0  00:01:10.0      32         1         1        1       0.000      0     -6.591E-10   0.92296   0.38489
     187                                                                                                    0.94642   0.32294
     188  0/19:18:23.0  00:01:10.0      32         4         1        1       0.000      0      1.010E-09  -0.69723  -0.71685
     188                                                                                                   -0.62098  -0.78382
     189  0/19:18:23.0  00:01:10.0      32         5         1        1       0.000      0     -1.068E-09   0.84863   0.52899
     189                                                                                                    0.90044   0.43497
     190  0/19:21:39.0  00:01:40.0      41         2         1        1       0.000      0      0.000E+00   1.00000   0.00000
     190                                                                                                    1.00000   0.00000
     191  0/19:21:39.0  00:01:40.0      41         4         1        1       0.000      0      7.352E-10   0.99384   0.11084
     191                                                                                                    0.98294   0.18393
     192  0/19:25:01.0  00:02:54.0      42         2         1        1       0.000      0      0.000E+00   1.00000   0.00000
     192                                                                                                    1.00000   0.00000
     193  0/19:25:01.0  00:02:54.0      42         4         1        1       0.000      0      1.225E-09  -0.27859  -0.96041
     193                                                                                                   -0.15849  -0.98736
     194  0/19:25:01.0  00:02:54.0      42         6         1        1       0.000      0      7.548E-11  -0.43288   0.90145
     194                                                                                                   -0.43971   0.89814
     195  0/19:28:36.0  00:02:46.0      43         1         1        1       0.000      0     -6.729E-10   0.08271   0.99657
     195                                                                                                    0.14988   0.98870
     196  0/19:28:36.0  00:02:46.0      43         2         1        1       0.000      0      0.000E+00   1.00000   0.00000
     196                                                                                                    1.00000   0.00000
     197  0/19:28:36.0  00:02:46.0      43         4         1        1       0.000      0      1.189E-09  -0.92894  -0.37022
     197                                                                                                   -0.87815  -0.47838
     198  0/19:28:36.0  00:02:46.0      43         5         1        1       0.000      0     -6.793E-10   0.07153  -0.99744
     198                                                                                                    0.00331  -0.99999
     199  0/19:28:36.0  00:02:46.0      43         6         1        1       0.000      0      2.378E-10   0.25024  -0.96818
     199                                                                                                    0.27331  -0.96193
     200  0/19:32:00.0  00:01:56.0      44         1         1        1       0.000      0     -7.623E-10  -0.99619  -0.08715
     200                                                                                                   -0.99994  -0.01063
     201  0/19:32:00.0  00:01:56.0      44         2         1        1       0.000      0      0.000E+00   1.00000   0.00000
     201                                                                                                    1.00000   0.00000
     202  0/19:32:00.0  00:01:56.0      44         4         1        1       0.000      0      1.262E-09   0.99998   0.00562
     202                                                                                                    0.99123   0.13214
     203  0/19:32:00.0  00:01:56.0      44         5         1        1       0.000      0     -8.279E-10   0.83985   0.54282
     203                                                                                                    0.88207   0.47112
     204  0/19:32:00.0  00:01:56.0      44         6         1        1       0.000      0      2.710E-10  -0.12857  -0.99170
     204                                                                                                   -0.10151  -0.99483
     205  0/19:34:49.0  00:02:20.0      45         1         1        1       0.000      0     -7.880E-10  -0.24722   0.96896
     205                                                                                                   -0.16977   0.98548
     206  0/19:34:49.0  00:02:20.0      45         2         1        1       0.000      0      0.000E+00   1.00000   0.00000
     206                                                                                                    1.00000   0.00000
     207  0/19:34:49.0  00:02:20.0      45         4         1        1       0.000      0      1.126E-09   0.39582  -0.91833
     207                                                                                                    0.49697  -0.86777
     208  0/19:34:49.0  00:02:20.0      45         5         1        1       0.000      0     -1.001E-09  -0.66456  -0.74724
     208                                                                                                   -0.73630  -0.67666
     209  0/19:34:49.0  00:02:20.0      45         6         1        1       0.000      0      1.331E-10  -0.18842   0.98209
     209                                                                                                   -0.20154   0.97948
     210  0/19:37:59.0  00:02:00.0      46         1         1        1       0.000      0     -8.651E-10   0.54160   0.84063
     210                                                                                                    0.61257   0.79041
     211  0/19:37:59.0  00:02:00.0      46         2         1        1       0.000      0      0.000E+00   1.00000   0.00000
     211                                                                                                    1.00000   0.00000
     212  0/19:37:59.0  00:02:00.0      46         4         1        1       0.000      0      1.206E-09  -0.99763   0.06881
     212                                                                                                   -0.99863  -0.05239
     213  0/19:37:59.0  00:02:00.0      46         5         1        1       0.000      0     -8.969E-10  -0.76619   0.64261
     213                                                                                                   -0.70522   0.70899
     214  0/19:37:59.0  00:02:00.0      46         6         1        1       0.000      0      2.283E-10  -0.62879  -0.77757
     214                                                                                                   -0.61078  -0.79180
     215  0/19:40:49.0  00:02:18.0      47         1         1        1       0.000      0     -7.721E-10   0.93654  -0.35057
     215                                                                                                    0.90653  -0.42213
     216  0/19:40:49.0  00:02:18.0      47         2         1        1       0.000      0      0.000E+00   1.00000   0.00000
     216                                                                                                    1.00000   0.00000
     217  0/19:40:49.0  00:02:18.0      47         4         1        1       0.000      0      1.353E-09  -0.23732   0.97143
     217                                                                                                   -0.36684   0.93028
     218  0/19:40:49.0  00:02:18.0      47         5         1        1       0.000      0     -9.380E-10   0.99257  -0.12166
     218                                                                                                    0.97671  -0.21458
     219  0/19:40:49.0  00:02:18.0      47         6         1        1       0.000      0      2.691E-10   0.47547   0.87973
     219                                                                                                    0.45150   0.89227
     220  0/19:43:51.0  00:02:16.0      48         1         1        1       0.000      0     -8.120E-10  -0.69869  -0.71543
     220                                                                                                   -0.75470  -0.65607
     221  0/19:43:51.0  00:02:16.0      48         2         1        1       0.000      0      0.000E+00   1.00000   0.00000
     221                                                                                                    1.00000   0.00000
     222  0/19:43:51.0  00:02:16.0      48         4         1        1       0.000      0      1.085E-09  -0.29608   0.95516
     222                                                                                                   -0.39827   0.91727
     223  0/19:43:51.0  00:02:16.0      48         5         1        1       0.000      0     -9.389E-10  -0.83856   0.54481
     223                                                                                                   -0.78348   0.62142
     224  0/19:43:51.0  00:02:16.0      48         6         1        1       0.000      0      1.551E-10  -0.81540  -0.57890
     224                                                                                                   -0.80628  -0.59154
     225  0/19:46:54.0  00:02:10.0      49         1         1        1       0.000      0     -1.414E-09   0.92530  -0.37923
     225                                                                                                    0.86225  -0.50648
     226  0/19:46:54.0  00:02:10.0      49         2         1        1       0.000      0      0.000E+00   1.00000   0.00000
     226                                                                                                    1.00000   0.00000
     227  0/19:46:54.0  00:02:10.0      49         4         1        1       0.000      0      7.838E-10  -0.56352  -0.82610
     227                                                                                                   -0.49674  -0.86790
     228  0/19:46:54.0  00:02:10.0      49         5         1        1       0.000      0     -1.562E-09  -0.99944  -0.03360
     228                                                                                                   -0.99240   0.12306
     229  0/19:49:41.0  00:02:36.0      50         1         1        1       0.000      0     -1.024E-09   0.69052  -0.72331
     229                                                                                                    0.61251  -0.79047
     230  0/19:49:41.0  00:02:36.0      50         2         1        1       0.000      0      0.000E+00   1.00000   0.00000
     230                                                                                                    1.00000   0.00000
     231  0/19:49:41.0  00:02:36.0      50         4         1        1       0.000      0      1.123E-09   0.82277   0.56838
     231                                                                                                    0.75351   0.65744
     232  0/19:49:41.0  00:02:36.0      50         5         1        1       0.000      0     -1.150E-09  -0.96368  -0.26707
     232                                                                                                   -0.98805  -0.15415
     233  0/19:49:41.0  00:02:36.0      50         6         1        1       0.000      0     -4.360E-11   0.47004  -0.88265
     233                                                                                                    0.46616  -0.88470
     234  0/19:52:47.0  00:02:24.0       8         1         1        1       0.000      0     -1.150E-09  -0.58461   0.81132
     234                                                                                                   -0.48709   0.87335
     235  0/19:52:47.0  00:02:24.0       8         2         1        1       0.000      0      0.000E+00   1.00000   0.00000
     235                                                                                                    1.00000   0.00000
     236  0/19:52:47.0  00:02:24.0       8         4         1        1       0.000      0      9.175E-10   0.97070   0.24028
     236                                                                                                    0.94445   0.32867
     237  0/19:52:47.0  00:02:24.0       8         5         1        1       0.000      0     -1.648E-09   0.78902  -0.61437
     237                                                                                                    0.67691  -0.73607
     238  0/19:55:49.0  00:02:20.0       9         1         1        1       0.000      0     -1.143E-09   1.00000  -0.00096
     238                                                                                                    0.99329  -0.11565
     239  0/19:55:49.0  00:02:20.0       9         4         1        1       0.000      0      1.501E-09  -0.60820  -0.79379
     239                                                                                                   -0.48192  -0.87621
     240  0/19:55:49.0  00:02:20.0       9         5         1        1       0.000      0     -1.027E-09  -0.15209  -0.98837
     240                                                                                                   -0.25318  -0.96742
     241  0/19:58:53.0  00:02:10.0      51         1         1        1       0.000      0     -1.137E-09  -0.32040  -0.94728
     241                                                                                                   -0.42630  -0.90458
     242  0/19:58:53.0  00:02:10.0      51         2         1        1       0.000      0      0.000E+00   1.00000   0.00000
     242                                                                                                    1.00000   0.00000
     243  0/19:58:53.0  00:02:10.0      51         4         1        1       0.000      0      7.888E-10   0.58230  -0.81298
     243                                                                                                    0.64487  -0.76429
     244  0/19:58:53.0  00:02:10.0      51         5         1        1       0.000      0     -1.431E-09   0.13590   0.99072
     244                                                                                                    0.27649   0.96102
