Name           Gal long   Gal Lat    v_lsr    x_mu   y_mu    Parallax
                (deg)       (deg)    (km/s)      (mas/y)      (mas)
 G339.884-1.2   339.884    -1.259     -38.7    -1.63    -1.93   0.209
 G23.0-0.4       23.010    -0.410      81.0    -1.72	-4.12   0.218
 G23.4-0.2       23.437    -0.184      97.0    -1.93	-4.11   0.170
 G23.6-0.1       23.657    -0.127      83.0    -1.32	-2.96   0.313
 G35.2-0.7       35.197    -0.743      28.0    -0.18	-3.63   0.456
 G35.2-1.7       35.200    -1.736      42.0    -0.71	-3.61   0.306
 W51IRS2         49.489    -0.369      56.0    -2.49	-5.51   0.195
 G59.7+0.1       59.783     0.065      27.0    -1.65	-5.12   0.463
 CepA           109.871     2.114     -10.0     0.50	-3.70   1.430
 NGC7538        111.542     0.777     -57.0    -2.45	-2.44   0.378
 IRAS00420      122.015    -7.072     -44.0    -1.99	-1.62   0.470
 NGC281         123.067    -6.274     -31.0    -2.63	-1.86   0.355
 W3OH           133.947     1.064     -45.0    -1.20	-0.15   0.512
 WB89-437       135.277     2.798     -72.0    -1.27     0.82   0.167
 S252           188.946     0.886      11.0     0.02	-2.02   0.476
 S269           196.454    -1.677      20.0    -0.42	-0.12   0.189
 Orion          209.007   -19.385      10.0     3.30     0.10   2.425
 G232.6-1.0     232.621     0.996      23.0    -2.17     2.09   0.596
 VYCMa          239.353    -5.065      18.0    -3.24     2.06   0.876
