       1  0/17:00:17.0  00:00:32.0       1         1         1        1       0.000      0      4.770E-09  -0.68495   -0.7286
       2  0/17:00:17.0  00:00:32.0       1         6         1        1       0.000      0      1.714E-08  -0.93834   -0.3457
       3  0/17:10:30.0  00:00:58.0       1         2         1        1       0.000      0           INDE   1.00000    0.0000
       4  0/17:10:30.0  00:00:58.0       1         4         1        1       0.000      0           INDE   1.00000    0.0000
       5  0/17:13:30.0  00:02:58.0       1         2         1        1       0.000      0           INDE   1.00000    0.0000
       6  0/17:13:30.0  00:02:58.0       1         4         1        1       0.000      0           INDE   1.00000    0.0000
       7  0/17:17:30.0  00:02:58.0       1         2         1        1       0.000      0           INDE   1.00000    0.0000
       8  0/17:17:30.0  00:02:58.0       1         4         1        1       0.000      0           INDE   1.00000    0.0000
       9  0/17:21:30.0  00:02:58.0       1         2         1        1       0.000      0      0.000E+00   1.00000    0.0000
      10  0/17:21:30.0  00:02:58.0       1         4         1        1       0.000      0      2.629E-08   0.82469    0.5656
      11  0/17:25:28.0  00:02:54.0       1         2         1        1       0.000      0      0.000E+00   1.00000    0.0000
      12  0/17:25:28.0  00:02:54.0       1         4         1        1       0.000      0      2.553E-08  -0.40249    0.9154
      13  0/17:29:28.0  00:02:54.0       1         2         1        1       0.000      0      0.000E+00   1.00000    0.0000
      14  0/17:29:28.0  00:02:54.0       1         3         1        1       0.000      0           INDE   1.00000    0.0000
      15  0/17:29:28.0  00:02:54.0       1         4         1        1       0.000      0      2.544E-08   0.29010   -0.9570
      16  0/17:33:28.0  00:02:54.0       1         2         1        1       0.000      0      0.000E+00   1.00000    0.0000
      17  0/17:33:28.0  00:02:54.0       1         3         1        1       0.000      0           INDE   1.00000    0.0000
      18  0/17:33:28.0  00:02:54.0       1         4         1        1       0.000      0      2.524E-08   0.34899    0.9371
      19  0/17:37:29.0  00:02:56.0       1         2         1        1       0.000      0      0.000E+00   1.00000    0.0000
      20  0/17:37:29.0  00:02:56.0       1         3         1        1       0.000      0           INDE   1.00000    0.0000
      21  0/17:37:29.0  00:02:56.0       1         4         1        1       0.000      0      2.319E-08  -0.96178    0.2738
      22  0/17:41:29.0  00:02:56.0       1         2         1        1       0.000      0      0.000E+00   1.00000    0.0000
      23  0/17:41:29.0  00:02:56.0       1         3         1        1       0.000      0           INDE   1.00000    0.0000
      24  0/17:41:29.0  00:02:56.0       1         4         1        1       0.000      0      2.494E-08  -0.46266   -0.8865
      25  0/17:45:28.0  00:02:54.0       1         2         1        1       0.000      0      0.000E+00   1.00000    0.0000
      26  0/17:45:28.0  00:02:54.0       1         3         1        1       0.000      0           INDE   1.00000    0.0000
      27  0/17:45:28.0  00:02:54.0       1         4         1        1       0.000      0      2.479E-08  -0.87690    0.4807
      28  0/17:49:29.0  00:02:56.0       1         2         1        1       0.000      0      0.000E+00   1.00000    0.0000
      29  0/17:49:29.0  00:02:56.0       1         3         1        1       0.000      0           INDE   1.00000    0.0000
      30  0/17:49:29.0  00:02:56.0       1         4         1        1       0.000      0      2.484E-08   0.62909   -0.7773
      31  0/18:00:59.0  00:01:56.0       2         1         1        1       0.000      0      4.770E-09  -0.98582    0.1678
      32  0/18:00:59.0  00:01:56.0       2         2         1        1       0.000      0      0.000E+00   1.00000    0.0000
      33  0/18:00:59.0  00:01:56.0       2         4         1        1       0.000      0      2.437E-08   0.22152    0.9752
      34  0/18:03:53.0  00:01:06.0       3         1         1        1       0.000      0      3.999E-09   0.93595    0.3521
      35  0/18:03:53.0  00:01:06.0       3         2         1        1       0.000      0      0.000E+00   1.00000    0.0000
      36  0/18:03:53.0  00:01:06.0       3         4         1        1       0.000      0      2.462E-08   0.56403    0.8258
      37  0/18:08:38.0  00:01:34.0       4         1         1        1       0.000      0      5.260E-09   0.12091   -0.9927
      38  0/18:08:38.0  00:01:34.0       4         2         1        1       0.000      0      0.000E+00   1.00000    0.0000
      39  0/18:08:38.0  00:01:34.0       4         4         1        1       0.000      0      2.492E-08   0.96123   -0.2758
      40  0/18:11:08.0  00:01:36.0       5         1         1        1       0.000      0      5.183E-09  -0.80634    0.5914
      41  0/18:11:08.0  00:01:36.0       5         2         1        1       0.000      0      0.000E+00   1.00000    0.0000
      42  0/18:11:08.0  00:01:36.0       5         4         1        1       0.000      0      2.456E-08  -0.38715   -0.9220
      43  0/18:13:40.0  00:01:34.0       6         1         1        1       0.000      0      5.158E-09  -0.94660    0.3224
      44  0/18:13:40.0  00:01:34.0       6         2         1        1       0.000      0      0.000E+00   1.00000    0.0000
      45  0/18:13:40.0  00:01:34.0       6         4         1        1       0.000      0      2.490E-08   0.17788   -0.9841
      46  0/18:16:34.0  00:01:48.0       7         1         1        1       0.000      0      5.353E-09   0.04243    0.9991
      47  0/18:16:34.0  00:01:48.0       7         2         1        1       0.000      0      0.000E+00   1.00000    0.0000
      48  0/18:16:34.0  00:01:48.0       7         4         1        1       0.000      0      2.453E-08  -0.87740    0.4798
      49  0/18:16:34.0  00:01:48.0       7         6         1        1       0.000      0      1.674E-08  -0.39220   -0.9199
      50  0/18:19:41.0  00:01:30.0       8         1         1        1       0.000      0      5.192E-09   0.72517   -0.6886
      51  0/18:19:41.0  00:01:30.0       8         2         1        1       0.000      0      0.000E+00   1.00000    0.0000
      52  0/18:19:41.0  00:01:30.0       8         4         1        1       0.000      0      2.560E-08  -0.57437    0.8186
      53  0/18:22:36.0  00:01:44.0       9         1         1        1       0.000      0      5.289E-09   0.99523    0.0975
      54  0/18:22:36.0  00:01:44.0       9         2         1        1       0.000      0      0.000E+00   1.00000    0.0000
      55  0/18:22:36.0  00:01:44.0       9         4         1        1       0.000      0      2.441E-08  -0.58013    0.8145
      56  0/18:22:36.0  00:01:44.0       9         6         1        1       0.000      0      1.665E-08   0.90282   -0.4300
      57  0/18:26:01.0  00:01:56.0      10         1         1        1       0.000      0      5.198E-09   0.81687    0.5768
      58  0/18:26:01.0  00:01:56.0      10         2         1        1       0.000      0      0.000E+00   1.00000    0.0000
      59  0/18:26:01.0  00:01:56.0      10         4         1        1       0.000      0      2.401E-08  -0.99931    0.0370
      60  0/18:26:01.0  00:01:56.0      10         6         1        1       0.000      0      1.650E-08   0.99946   -0.0329
      61  0/18:28:58.0  00:02:00.0      11         1         1        1       0.000      0      5.213E-09  -0.14843   -0.9889
      62  0/18:28:58.0  00:02:00.0      11         2         1        1       0.000      0      0.000E+00   1.00000    0.0000
      63  0/18:28:58.0  00:02:00.0      11         4         1        1       0.000      0      2.397E-08  -0.88246    0.4704
      64  0/18:28:58.0  00:02:00.0      11         6         1        1       0.000      0      1.642E-08   0.68277    0.7306
      65  0/18:32:13.0  00:01:28.0      12         1         1        1       0.000      0      4.845E-09   0.52408   -0.8517
      66  0/18:32:13.0  00:01:28.0      12         2         1        1       0.000      0      0.000E+00   1.00000    0.0000
      67  0/18:32:13.0  00:01:28.0      12         4         1        1       0.000      0      2.393E-08  -0.80881   -0.5881
      68  0/18:35:01.0  00:01:56.0      13         1         1        1       0.000      0      5.039E-09  -0.68102    0.7323
      69  0/18:35:01.0  00:01:56.0      13         2         1        1       0.000      0      0.000E+00   1.00000    0.0000
      70  0/18:35:01.0  00:01:56.0      13         4         1        1       0.000      0      2.391E-08   0.60875   -0.7934
      71  0/18:35:01.0  00:01:56.0      13         6         1        1       0.000      0      1.618E-08   0.68182    0.7315
      72  0/18:37:38.0  00:01:42.0      14         1         1        1       0.000      0      5.256E-09  -0.75215    0.6590
      73  0/18:37:38.0  00:01:42.0      14         2         1        1       0.000      0      0.000E+00   1.00000    0.0000
      74  0/18:37:38.0  00:01:42.0      14         4         1        1       0.000      0      2.383E-08  -0.40871    0.9127
      75  0/18:37:38.0  00:01:42.0      14         6         1        1       0.000      0      1.644E-08  -0.33461    0.9424
      76  0/18:41:14.0  00:01:22.0      15         1         1        1       0.000      0      3.973E-09   0.20631   -0.9785
      77  0/18:41:14.0  00:01:22.0      15         2         1        1       0.000      0      0.000E+00   1.00000    0.0000
      78  0/18:43:30.0  00:02:58.0      17         1         1        1       0.000      0      5.032E-09  -0.70514    0.7091
      79  0/18:43:30.0  00:02:58.0      17         2         1        1       0.000      0      0.000E+00   1.00000    0.0000
      80  0/18:43:30.0  00:02:58.0      17         4         1        1       0.000      0      2.363E-08  -0.25162   -0.9678
      81  0/18:43:30.0  00:02:58.0      17         6         1        1       0.000      0      1.614E-08   0.85626   -0.5165
      82  1/01:18:40.0  00:02:36.0      17         1         1        1       0.000      0      3.721E-09  -0.88540   -0.4648
      83  1/01:18:40.0  00:02:36.0      17         2         1        1       0.000      0      0.000E+00   1.00000    0.0000
      84  1/01:18:40.0  00:02:36.0      17         3         1        1       0.000      0           INDE   1.00000    0.0000
      85  1/01:18:40.0  00:02:36.0      17         4         1        1       0.000      0      1.531E-08  -0.50387   -0.8638
      86  1/01:18:40.0  00:02:36.0      17         5         1        1       0.000      0      1.593E-08   0.72021   -0.6938
      87  1/01:21:44.0  00:02:26.0      18         1         1        1       0.000      0      3.888E-09  -0.86388    0.5037
      88  1/01:21:44.0  00:02:26.0      18         2         1        1       0.000      0      0.000E+00   1.00000    0.0000
      89  1/01:21:44.0  00:02:26.0      18         3         1        1       0.000      0           INDE   1.00000    0.0000
      90  1/01:21:44.0  00:02:26.0      18         4         1        1       0.000      0      1.500E-08  -0.15538   -0.9879
      91  1/01:21:44.0  00:02:26.0      18         5         1        1       0.000      0      1.597E-08  -0.95838    0.2855
      92  1/01:24:47.0  00:02:22.0       2         1         1        1       0.000      0      3.671E-09   0.55979    0.8286
      93  1/01:24:47.0  00:02:22.0       2         2         1        1       0.000      0      0.000E+00   1.00000    0.0000
      94  1/01:24:47.0  00:02:22.0       2         3         1        1       0.000      0           INDE   1.00000    0.0000
      95  1/01:24:47.0  00:02:22.0       2         4         1        1       0.000      0      1.520E-08  -0.36780   -0.9299
      96  1/01:24:47.0  00:02:22.0       2         5         1        1       0.000      0      1.574E-08   0.89606    0.4439
      97  1/01:27:29.0  00:01:34.0      19         1         1        1       0.000      0      3.679E-09  -0.99293    0.1187
      98  1/01:27:29.0  00:01:34.0      19         3         1        1       0.000      0           INDE  -0.99293    0.1187
      99  1/01:27:29.0  00:01:34.0      19         4         1        1       0.000      0      1.500E-08   0.79541    0.6061
     100  1/01:27:29.0  00:01:34.0      19         5         1        1       0.000      0      1.560E-08  -0.76973   -0.6384
     101  1/01:29:08.0  00:01:40.0      19         1         1        1       0.000      0      3.685E-09  -0.85158   -0.5242
     102  1/01:29:08.0  00:01:40.0      19         3         1        1       0.000      0           INDE  -0.85158   -0.5242
     103  1/01:29:08.0  00:01:40.0      19         4         1        1       0.000      0      1.511E-08  -0.28367   -0.9589
     104  1/01:29:08.0  00:01:40.0      19         5         1        1       0.000      0      1.565E-08  -0.29422    0.9557
     105  1/01:31:53.0  00:02:12.0      20         1         1        1       0.000      0      3.693E-09  -0.76924   -0.6390
     106  1/01:31:53.0  00:02:12.0      20         3         1        1       0.000      0           INDE  -0.76924   -0.6390
     107  1/01:31:53.0  00:02:12.0      20         4         1        1       0.000      0      1.509E-08  -0.61517   -0.7884
     108  1/01:31:53.0  00:02:12.0      20         5         1        1       0.000      0      1.558E-08   0.86167    0.5075
     109  1/01:31:53.0  00:02:12.0      20         6         1        1       0.000      0      1.061E-08   0.90403    0.4275
     110  1/01:34:54.0  00:02:10.0      21         1         1        1       0.000      0      3.703E-09  -0.84943    0.5277
     111  1/01:34:54.0  00:02:10.0      21         2         1        1       0.000      0      0.000E+00   1.00000    0.0000
     112  1/01:34:54.0  00:02:10.0      21         4         1        1       0.000      0      1.455E-08  -0.77501    0.6319
     113  1/01:34:54.0  00:02:10.0      21         5         1        1       0.000      0      1.578E-08   0.59711    0.8022
     114  1/01:38:25.0  00:01:08.0      22         1         1        1       0.000      0      3.650E-09  -0.93265   -0.3608
     115  1/01:38:25.0  00:01:08.0      22         2         1        1       0.000      0      0.000E+00   1.00000    0.0000
     116  1/01:38:25.0  00:01:08.0      22         4         1        1       0.000      0      1.501E-08   0.98782   -0.1556
     117  1/01:38:25.0  00:01:08.0      22         5         1        1       0.000      0      1.556E-08  -0.99932    0.0370
     118  1/01:38:25.0  00:01:08.0      22         6         1        1       0.000      0      1.065E-08  -0.98589   -0.1674
     119  1/01:41:36.0  00:02:46.0      23         1         1        1       0.000      0      3.617E-09  -0.92897   -0.3702
     120  1/01:41:36.0  00:02:46.0      23         2         1        1       0.000      0      0.000E+00   1.00000    0.0000
     121  1/01:41:36.0  00:02:46.0      23         4         1        1       0.000      0      1.474E-08  -0.70866    0.7055
     122  1/01:41:36.0  00:02:46.0      23         5         1        1       0.000      0      1.536E-08   0.85294   -0.5220
     123  1/01:45:09.0  00:01:42.0      24         2         1        1       0.000      0      0.000E+00   1.00000    0.0000
     124  1/01:45:09.0  00:01:42.0      24         4         1        1       0.000      0      1.456E-08  -0.97921   -0.2028
     125  1/01:46:59.0  00:01:54.0      24         2         1        1       0.000      0      0.000E+00   1.00000    0.0000
     126  1/01:46:59.0  00:01:54.0      24         4         1        1       0.000      0      1.461E-08  -0.54758    0.8368
     127  1/01:49:45.0  00:02:20.0      25         2         1        1       0.000      0      0.000E+00   1.00000    0.0000
     128  1/01:49:45.0  00:02:20.0      25         4         1        1       0.000      0      1.458E-08   0.14224   -0.9898
     129  1/01:52:55.0  00:02:08.0      26         1         1        1       0.000      0      3.801E-09   0.99894    0.0461
     130  1/01:52:55.0  00:02:08.0      26         2         1        1       0.000      0      0.000E+00   1.00000    0.0000
     131  1/01:52:55.0  00:02:08.0      26         5         1        1       0.000      0      1.530E-08  -0.86679    0.4987
     132  1/01:55:36.0  00:02:44.0      27         1         1        1       0.000      0      3.600E-09   0.25925   -0.9658
     133  1/01:55:36.0  00:02:44.0      27         2         1        1       0.000      0      0.000E+00   1.00000    0.0000
     134  1/01:55:36.0  00:02:44.0      27         5         1        1       0.000      0      1.501E-08   0.38721   -0.9220
     135  1/01:58:38.0  00:02:42.0      28         1         1        1       0.000      0      3.588E-09   0.78343    0.6215
     136  1/01:58:38.0  00:02:42.0      28         2         1        1       0.000      0      0.000E+00   1.00000    0.0000
     137  1/01:58:38.0  00:02:42.0      28         4         1        1       0.000      0      1.483E-08  -0.99916   -0.0409
     138  1/01:58:38.0  00:02:42.0      28         5         1        1       0.000      0      1.481E-08  -0.29941   -0.9541
     139  1/05:34:52.0  00:01:10.0      29         1         1        1       0.000      0      2.565E-09   0.79804    0.6026
     140  1/05:34:52.0  00:01:10.0      29         2         1        1       0.000      0      0.000E+00   1.00000    0.0000
     141  1/05:34:52.0  00:01:10.0      29         5         1        1       0.000      0      1.047E-08   0.81513    0.5793
     142  1/05:36:13.0  00:01:28.0      29         1         1        1       0.000      0      2.821E-09   0.87173    0.4900
     143  1/05:36:13.0  00:01:28.0      29         2         1        1       0.000      0      0.000E+00   1.00000    0.0000
     144  1/05:36:13.0  00:01:28.0      29         5         1        1       0.000      0      1.062E-08   0.98537   -0.1704
     145  1/05:38:09.0  00:01:40.0      30         1         1        1       0.000      0      2.718E-09   0.20162    0.9795
     146  1/05:38:09.0  00:01:40.0      30         2         1        1       0.000      0      0.000E+00   1.00000    0.0000
     147  1/05:38:09.0  00:01:40.0      30         5         1        1       0.000      0      1.044E-08  -0.83331    0.5528
     148  1/05:40:30.0  00:02:58.0      41         1         1        1       0.000      0      2.872E-09   0.90668    0.4218
     149  1/05:40:30.0  00:02:58.0      41         2         1        1       0.000      0      0.000E+00   1.00000    0.0000
     150  1/05:40:30.0  00:02:58.0      41         4         1        1       0.000      0      1.023E-08   0.97535   -0.2206
     151  1/05:40:30.0  00:02:58.0      41         5         1        1       0.000      0      1.079E-08  -0.42296    0.9061
     152  1/05:40:30.0  00:02:58.0      41         6         1        1       0.000      0      7.412E-09   0.09466   -0.9955
     153  1/05:43:50.0  00:02:16.0      31         1         1        1       0.000      0      2.786E-09   0.59807    0.8014
     154  1/05:43:50.0  00:02:16.0      31         2         1        1       0.000      0      0.000E+00   1.00000    0.0000
     155  1/05:43:50.0  00:02:16.0      31         4         1        1       0.000      0      9.961E-09  -0.15132    0.9885
     156  1/05:43:50.0  00:02:16.0      31         5         1        1       0.000      0      1.058E-08   0.84470   -0.5352
     157  1/05:43:50.0  00:02:16.0      31         6         1        1       0.000      0      7.285E-09  -0.95743   -0.2886
     158  1/05:47:49.0  00:01:20.0      32         1         1        1       0.000      0      2.375E-09   0.62677   -0.7792
     159  1/05:47:49.0  00:01:20.0      32         2         1        1       0.000      0      0.000E+00   1.00000    0.0000
     160  1/05:47:49.0  00:01:20.0      32         4         1        1       0.000      0      9.522E-09  -0.13229    0.9912
     161  1/05:47:49.0  00:01:20.0      32         5         1        1       0.000      0      9.952E-09  -0.97470   -0.2235
     162  1/05:49:58.0  00:02:02.0      33         1         1        1       0.000      0      2.351E-09  -0.70102    0.7131
     163  1/05:49:58.0  00:02:02.0      33         2         1        1       0.000      0      0.000E+00   1.00000    0.0000
     164  1/05:49:58.0  00:02:02.0      33         4         1        1       0.000      0      9.419E-09  -0.89026   -0.4554
     165  1/05:49:58.0  00:02:02.0      33         5         1        1       0.000      0      9.878E-09  -0.85825   -0.5132
     166  1/05:49:58.0  00:02:02.0      33         6         1        1       0.000      0      6.696E-09   0.72929   -0.6842
     167  1/05:52:45.0  00:02:24.0      34         1         1        1       0.000      0      2.070E-09  -0.90919    0.4164
     168  1/05:52:45.0  00:02:24.0      34         2         1        1       0.000      0      0.000E+00   1.00000    0.0000
     169  1/05:52:45.0  00:02:24.0      34         4         1        1       0.000      0      9.107E-09   0.56097    0.8278
     170  1/05:52:45.0  00:02:24.0      34         5         1        1       0.000      0      9.571E-09   0.60758    0.7943
     171  1/05:55:43.0  00:02:32.0      35         1         1        1       0.000      0      1.825E-09  -0.86457   -0.5025
     172  1/05:55:43.0  00:02:32.0      35         2         1        1       0.000      0      0.000E+00   1.00000    0.0000
     173  1/05:55:43.0  00:02:32.0      35         4         1        1       0.000      0      8.618E-09   0.92500   -0.3800
     174  1/05:55:43.0  00:02:32.0      35         5         1        1       0.000      0      9.177E-09  -0.39157   -0.9201
     175  1/05:59:08.0  00:01:34.0      36         1         1        1       0.000      0      2.391E-09  -0.34224   -0.9396
     176  1/05:59:08.0  00:01:34.0      36         4         1        1       0.000      0      9.102E-09   0.86192    0.5070
     177  1/06:01:15.0  00:01:20.0      37         2         1        1       0.000      0      0.000E+00   1.00000    0.0000
     178  1/06:01:15.0  00:01:20.0      37         5         1        1       0.000      0      1.070E-08  -0.83195    0.5548
     179  1/06:02:42.0  00:01:30.0      37         1         1        1       0.000      0      2.983E-09   0.90017   -0.4355
     180  1/06:02:42.0  00:01:30.0      37         2         1        1       0.000      0      0.000E+00   1.00000    0.0000
     181  1/06:02:42.0  00:01:30.0      37         5         1        1       0.000      0      1.045E-08   0.68653    0.7271
     182  1/06:05:03.0  00:01:52.0      38         1         1        1       0.000      0      2.616E-09  -0.63618    0.7715
     183  1/06:05:03.0  00:01:52.0      38         2         1        1       0.000      0      0.000E+00   1.00000    0.0000
     184  1/06:05:03.0  00:01:52.0      38         5         1        1       0.000      0      1.036E-08  -0.83816   -0.5454
     185  1/06:07:30.0  00:02:58.0      42         1         1        1       0.000      0      2.303E-09  -0.91317    0.4076
     186  1/06:07:30.0  00:02:58.0      42         2         1        1       0.000      0      0.000E+00   1.00000    0.0000
     187  1/06:07:30.0  00:02:58.0      42         4         1        1       0.000      0      9.354E-09   0.58576   -0.8105
     188  1/06:07:30.0  00:02:58.0      42         5         1        1       0.000      0      9.846E-09   0.92098   -0.3896
     189  1/06:07:30.0  00:02:58.0      42         6         1        1       0.000      0      6.743E-09   0.92798   -0.3726
     190  1/06:10:48.0  00:02:20.0      39         1         1        1       0.000      0      2.452E-09   0.89774    0.4405
     191  1/06:10:48.0  00:02:20.0      39         2         1        1       0.000      0      0.000E+00   1.00000    0.0000
     192  1/06:10:48.0  00:02:20.0      39         4         1        1       0.000      0      8.984E-09   0.88233    0.4706
     193  1/06:10:48.0  00:02:20.0      39         5         1        1       0.000      0      1.019E-08   0.71647   -0.6976
     194  1/06:14:21.0  00:01:14.0      40         1         1        1       0.000      0      2.583E-09   0.08909    0.9960
     195  1/06:14:21.0  00:01:14.0      40         2         1        1       0.000      0      0.000E+00   1.00000    0.0000
     196  1/06:14:21.0  00:01:14.0      40         4         1        1       0.000      0      9.505E-09   0.97848   -0.2063
     197  1/06:14:21.0  00:01:14.0      40         5         1        1       0.000      0      9.900E-09  -0.29368    0.9559
     198  1/06:14:21.0  00:01:14.0      40         6         1        1       0.000      0      6.935E-09  -0.51079    0.8597
     199  1/09:21:16.0  00:00:22.0      43         1         1        1       0.000      0      1.002E-09  -0.81452   -0.5801
     200  1/09:21:16.0  00:00:22.0      43         2         1        1       0.000      0      0.000E+00   1.00000    0.0000
     201  1/09:21:16.0  00:00:22.0      43         4         1        1       0.000      0      4.539E-09  -0.12506   -0.9921
     202  1/09:23:50.0  00:01:18.0      44         1         1        1       0.000      0      1.879E-09  -0.68996    0.7239
     203  1/09:23:50.0  00:01:18.0      44         2         1        1       0.000      0      0.000E+00   1.00000    0.0000
     204  1/09:23:50.0  00:01:18.0      44         4         1        1       0.000      0      5.544E-09   0.79115    0.6116
     205  1/09:23:50.0  00:01:18.0      44         5         1        1       0.000      0      5.985E-09  -0.24937   -0.9684
     206  1/09:27:21.0  00:01:14.0      40         1         1        1       0.000      0      1.798E-09   0.06205   -0.9981
     207  1/09:27:21.0  00:01:14.0      40         2         1        1       0.000      0      0.000E+00   1.00000    0.0000
     208  1/09:27:21.0  00:01:14.0      40         3         1        1       0.000      0           INDE   1.00000    0.0000
     209  1/09:27:21.0  00:01:14.0      40         4         1        1       0.000      0      5.519E-09  -0.95614    0.2929
     210  1/09:27:21.0  00:01:14.0      40         5         1        1       0.000      0      5.828E-09  -0.93598   -0.3520
     211  1/09:29:51.0  00:02:14.0      45         1         1        1       0.000      0      1.574E-09  -0.84160   -0.5401
     212  1/09:29:51.0  00:02:14.0      45         2         1        1       0.000      0      0.000E+00   1.00000    0.0000
     213  1/09:29:51.0  00:02:14.0      45         3         1        1       0.000      0           INDE   1.00000    0.0000
     214  1/09:29:51.0  00:02:14.0      45         4         1        1       0.000      0      5.225E-09  -0.78880   -0.6146
     215  1/09:29:51.0  00:02:14.0      45         5         1        1       0.000      0      5.722E-09  -0.44508   -0.8955
     216  1/09:32:34.0  00:01:48.0      46         1         1        1       0.000      0      1.556E-09  -0.85008   -0.5267
     217  1/09:32:34.0  00:01:48.0      46         2         1        1       0.000      0      0.000E+00   1.00000    0.0000
     218  1/09:32:34.0  00:01:48.0      46         3         1        1       0.000      0           INDE   1.00000    0.0000
     219  1/09:32:34.0  00:01:48.0      46         4         1        1       0.000      0      5.081E-09   0.59970   -0.8002
     220  1/09:32:34.0  00:01:48.0      46         5         1        1       0.000      0      5.533E-09   0.94679    0.3219
     221  1/09:35:26.0  00:02:06.0      47         1         1        1       0.000      0      1.634E-09   0.31287    0.9498
     222  1/09:35:26.0  00:02:06.0      47         2         1        1       0.000      0      0.000E+00   1.00000    0.0000
     223  1/09:35:26.0  00:02:06.0      47         3         1        1       0.000      0           INDE   1.00000    0.0000
     224  1/09:35:26.0  00:02:06.0      47         4         1        1       0.000      0      5.561E-09  -0.80576    0.5922
     225  1/09:35:26.0  00:02:06.0      47         5         1        1       0.000      0      5.681E-09   0.95030    0.3113
     226  1/09:35:26.0  00:02:06.0      47         6         1        1       0.000      0      4.029E-09   0.34361    0.9391
     227  1/09:38:03.0  00:01:52.0      48         1         1        1       0.000      0      1.488E-09  -0.19700    0.9804
     228  1/09:38:03.0  00:01:52.0      48         2         1        1       0.000      0      0.000E+00   1.00000    0.0000
     229  1/09:38:03.0  00:01:52.0      48         3         1        1       0.000      0           INDE   1.00000    0.0000
     230  1/09:38:03.0  00:01:52.0      48         4         1        1       0.000      0      5.301E-09   1.00000   -0.0022
     231  1/09:38:03.0  00:01:52.0      48         5         1        1       0.000      0      5.562E-09   0.45858   -0.8887
     232  1/09:40:08.0  00:01:30.0      49         1         1        1       0.000      0      1.462E-09   0.51129    0.8594
     233  1/09:40:08.0  00:01:30.0      49         2         1        1       0.000      0      0.000E+00   1.00000    0.0000
     234  1/09:40:08.0  00:01:30.0      49         3         1        1       0.000      0           INDE   1.00000    0.0000
     235  1/09:40:08.0  00:01:30.0      49         4         1        1       0.000      0      4.944E-09  -0.58654   -0.8099
     236  1/09:40:08.0  00:01:30.0      49         5         1        1       0.000      0      5.552E-09  -0.49218    0.8705
     237  1/09:41:41.0  00:01:32.0      49         1         1        1       0.000      0      1.715E-09   0.35955    0.9331
     238  1/09:41:41.0  00:01:32.0      49         2         1        1       0.000      0      0.000E+00   1.00000    0.0000
     239  1/09:41:41.0  00:01:32.0      49         4         1        1       0.000      0      5.477E-09  -0.78240    0.6228
     240  1/09:41:41.0  00:01:32.0      49         5         1        1       0.000      0      5.726E-09   0.67176    0.7408
     241  1/09:44:04.0  00:01:48.0      50         1         1        1       0.000      0      1.601E-09   0.92817    0.3722
     242  1/09:44:04.0  00:01:48.0      50         2         1        1       0.000      0      0.000E+00   1.00000    0.0000
     243  1/09:44:04.0  00:01:48.0      50         4         1        1       0.000      0      5.578E-09   0.74471   -0.6674
     244  1/09:44:04.0  00:01:48.0      50         5         1        1       0.000      0      5.614E-09  -0.59003    0.8074
     245  1/09:47:08.0  00:01:40.0      32         1         1        1       0.000      0      1.536E-09  -0.49060    0.8714
     246  1/09:47:08.0  00:01:40.0      32         2         1        1       0.000      0      0.000E+00   1.00000    0.0000
     247  1/09:47:08.0  00:01:40.0      32         4         1        1       0.000      0      5.170E-09  -0.87039    0.4924
     248  1/09:47:08.0  00:01:40.0      32         5         1        1       0.000      0      5.427E-09  -0.99884    0.0481
     249  1/09:49:28.0  00:01:58.0      51         1         1        1       0.000      0      1.471E-09   0.92870    0.3708
     250  1/09:49:28.0  00:01:58.0      51         2         1        1       0.000      0      0.000E+00   1.00000    0.0000
     251  1/09:49:28.0  00:01:58.0      51         4         1        1       0.000      0      5.029E-09   0.61819   -0.7860
     252  1/09:49:28.0  00:01:58.0      51         5         1        1       0.000      0      5.106E-09   0.69625   -0.7178
     253  1/09:54:23.0  00:01:12.0      52         1         1        1       0.000      0      1.170E-09   0.98531    0.1708
     254  1/09:54:23.0  00:01:12.0      52         2         1        1       0.000      0      0.000E+00   1.00000    0.0000
     255  1/09:54:23.0  00:01:12.0      52         4         1        1       0.000      0      4.642E-09  -0.98939   -0.1453
     256  1/09:54:23.0  00:01:12.0      52         5         1        1       0.000      0      4.651E-09  -0.99461    0.1037
     257  1/09:56:29.0  00:01:56.0      53         1         1        1       0.000      0      7.749E-10   0.99314   -0.1170
     258  1/09:56:29.0  00:01:56.0      53         2         1        1       0.000      0      0.000E+00   1.00000    0.0000
     259  1/09:56:29.0  00:01:56.0      53         4         1        1       0.000      0      4.146E-09  -0.79228    0.6102
     260  1/09:56:29.0  00:01:56.0      53         5         1        1       0.000      0      4.229E-09   0.93966    0.3421
     261  1/09:59:01.0  00:01:54.0       5         1         1        1       0.000      0      7.687E-10  -0.31055    0.9506
     262  1/09:59:01.0  00:01:54.0       5         4         1        1       0.000      0      4.180E-09   0.95688   -0.2905
     263  1/09:59:01.0  00:01:54.0       5         5         1        1       0.000      0      4.335E-09  -0.01242   -0.9999
     264  1/13:35:03.0  00:01:50.0      54         1         1        1       0.000      0      2.431E-10  -0.84216    0.5392
     265  1/13:35:03.0  00:01:50.0      54         2         1        1       0.000      0      0.000E+00   1.00000    0.0000
     266  1/13:35:03.0  00:01:50.0      54         4         1        1       0.000      0      2.751E-12  -0.13162    0.9913
     267  1/13:35:03.0  00:01:50.0      54         5         1        1       0.000      0      3.191E-10   0.51767   -0.8556
     268  1/13:41:04.0  00:01:48.0      56         1         1        1       0.000      0      4.355E-10   0.99820    0.0599
     269  1/13:41:04.0  00:01:48.0      56         4         1        1       0.000      0      3.360E-10  -0.99718   -0.0750
     270  1/13:41:04.0  00:01:48.0      56         5         1        1       0.000      0      2.750E-10   0.98211    0.1883
     271  1/13:45:12.0  00:01:30.0      57         1         1        1       0.000      0      5.676E-10  -0.22188   -0.9751
     272  1/13:45:12.0  00:01:30.0      57         2         1        1       0.000      0      0.000E+00   1.00000    0.0000
     273  1/13:45:12.0  00:01:30.0      57         4         1        1       0.000      0      2.150E-10   0.57997    0.8146
     274  1/13:45:12.0  00:01:30.0      57         5         1        1       0.000      0      6.584E-10  -0.18382   -0.9830
     275  1/13:47:56.0  00:02:02.0      58         1         1        1       0.000      0      3.817E-10   0.99984   -0.0180
     276  1/13:47:56.0  00:02:02.0      58         2         1        1       0.000      0      0.000E+00   1.00000    0.0000
     277  1/13:47:56.0  00:02:02.0      58         4         1        1       0.000      0      1.427E-10   0.09369    0.9956
     278  1/13:47:56.0  00:02:02.0      58         5         1        1       0.000      0      3.413E-10  -0.35563    0.9346
     279  1/13:51:35.0  00:01:46.0      52         1         1        1       0.000      0      4.654E-10  -0.54850   -0.8361
     280  1/13:51:35.0  00:01:46.0      52         2         1        1       0.000      0      0.000E+00   1.00000    0.0000
     281  1/13:51:35.0  00:01:46.0      52         4         1        1       0.000      0      9.774E-11  -0.99339   -0.1148
     282  1/13:51:35.0  00:01:46.0      52         5         1        1       0.000      0      3.197E-10   0.20150    0.9795
     283  1/13:51:35.0  00:01:46.0      52         6         1        1       0.000      0      7.196E-10   0.08832   -0.9961
     284  1/13:54:37.0  00:01:44.0      59         1         1        1       0.000      0      3.872E-10  -0.70257    0.7116
     285  1/13:54:37.0  00:01:44.0      59         2         1        1       0.000      0      0.000E+00   1.00000    0.0000
     286  1/13:54:37.0  00:01:44.0      59         4         1        1       0.000      0     -6.726E-11  -0.20977   -0.9778
     287  1/13:54:37.0  00:01:44.0      59         5         1        1       0.000      0      2.158E-10  -0.19579    0.9806
     288  1/13:54:37.0  00:01:44.0      59         6         1        1       0.000      0      5.048E-10   0.58654   -0.8099
     289  1/13:56:36.0  00:01:46.0       5         1         1        1       0.000      0      3.376E-10   0.02113    0.9998
     290  1/13:56:36.0  00:01:46.0       5         2         1        1       0.000      0      0.000E+00   1.00000    0.0000
     291  1/13:56:36.0  00:01:46.0       5         4         1        1       0.000      0     -5.161E-11  -0.86920    0.4945
     292  1/13:56:36.0  00:01:46.0       5         5         1        1       0.000      0      2.347E-10   0.99951   -0.0314
     293  1/13:56:36.0  00:01:46.0       5         6         1        1       0.000      0      4.216E-10  -0.68134   -0.7320
     294  1/13:59:31.0  00:01:56.0      60         1         1        1       0.000      0      3.233E-10  -0.36752   -0.9300
     295  1/13:59:31.0  00:01:56.0      60         2         1        1       0.000      0      0.000E+00   1.00000    0.0000
     296  1/13:59:31.0  00:01:56.0      60         4         1        1       0.000      0     -9.937E-11   0.99083    0.1351
     297  1/13:59:31.0  00:01:56.0      60         5         1        1       0.000      0     -2.771E-11   0.74747   -0.6643
     298  1/13:59:31.0  00:01:56.0      60         6         1        1       0.000      0      2.671E-10   0.82865    0.5598
     299  1/14:02:40.0  00:01:38.0       7         1         1        1       0.000      0      4.039E-10   0.23305    0.9725
     300  1/14:02:40.0  00:01:38.0       7         2         1        1       0.000      0      0.000E+00   1.00000    0.0000
     301  1/14:02:40.0  00:01:38.0       7         4         1        1       0.000      0     -2.143E-10   0.92126    0.3889
     302  1/14:02:40.0  00:01:38.0       7         5         1        1       0.000      0      5.247E-11  -0.63008    0.7765
     303  1/14:02:40.0  00:01:38.0       7         6         1        1       0.000      0      4.898E-10  -0.98403    0.1780
     304  1/14:05:05.0  00:01:48.0       9         1         1        1       0.000      0      6.545E-10   0.47738   -0.8787
     305  1/14:05:05.0  00:01:48.0       9         2         1        1       0.000      0      0.000E+00   1.00000    0.0000
     306  1/14:05:05.0  00:01:48.0       9         4         1        1       0.000      0      7.986E-11  -0.93814   -0.3463
     307  1/14:05:05.0  00:01:48.0       9         5         1        1       0.000      0      3.069E-10  -0.99150   -0.1301
     308  1/14:05:05.0  00:01:48.0       9         6         1        1       0.000      0      7.659E-10  -0.14359   -0.9896
     309  1/14:08:09.0  00:01:40.0      10         1         1        1       0.000      0      2.008E-10  -0.24297    0.9700
     310  1/14:08:09.0  00:01:40.0      10         2         1        1       0.000      0      0.000E+00   1.00000    0.0000
     311  1/14:08:09.0  00:01:40.0      10         4         1        1       0.000      0     -4.711E-10   0.52756    0.8495
     312  1/14:08:09.0  00:01:40.0      10         5         1        1       0.000      0     -2.782E-10   0.41470    0.9100
     313  1/14:08:09.0  00:01:40.0      10         6         1        1       0.000      0      1.749E-10   0.80171   -0.5977
     314  1/14:10:55.0  00:02:06.0      11         1         1        1       0.000      0     -1.188E-10   0.98576   -0.1681
     315  1/14:10:55.0  00:02:06.0      11         2         1        1       0.000      0      0.000E+00   1.00000    0.0000
     316  1/14:10:55.0  00:02:06.0      11         4         1        1       0.000      0     -7.313E-10  -0.53575    0.8444
     317  1/14:10:55.0  00:02:06.0      11         5         1        1       0.000      0     -8.113E-10   0.58239    0.8129
     318  1/14:13:53.0  00:02:12.0      61         1         1        1       0.000      0     -1.188E-10   0.98645    0.1641
     319  1/14:13:53.0  00:02:12.0      61         4         1        1       0.000      0     -4.450E-10   0.79532    0.6062
     320  1/14:13:53.0  00:02:12.0      61         5         1        1       0.000      0     -9.730E-10  -0.95400    0.2998
     321  1/17:19:30.0  00:00:52.0      18         2         1        1       0.000      0      0.000E+00   1.00000    0.0000
     322  1/17:19:30.0  00:00:52.0      18         4         1        1       0.000      0     -3.763E-09  -0.28878    0.9574
     323  1/17:19:30.0  00:00:52.0      18         5         1        1       0.000      0     -4.251E-09   0.24106   -0.9705
     324  1/17:21:51.0  00:02:10.0       2         2         1        1       0.000      0      0.000E+00   1.00000    0.0000
     325  1/17:21:51.0  00:02:10.0       2         4         1        1       0.000      0     -4.420E-09   0.99606   -0.0887
     326  1/17:21:51.0  00:02:10.0       2         5         1        1       0.000      0     -4.413E-09  -0.19617   -0.9806
     327  1/17:24:26.0  00:01:00.0      20         4         1        1       0.000      0     -4.337E-09  -0.66326    0.7484
     328  1/17:24:26.0  00:01:00.0      20         5         1        1       0.000      0     -6.046E-09   0.39293    0.9196
     329  1/17:30:30.0  00:01:56.0      11         2         1        1       0.000      0      0.000E+00   1.00000    0.0000
     330  1/17:30:30.0  00:01:56.0      11         4         1        1       0.000      0     -4.144E-09   0.63148    0.7754
     331  1/17:30:30.0  00:01:56.0      11         5         1        1       0.000      0     -4.075E-09   0.19174    0.9814
     332  1/17:30:30.0  00:01:56.0      11         6         1        1       0.000      0     -2.104E-09   0.85785    0.5139
     333  1/17:33:31.0  00:01:54.0      62         2         1        1       0.000      0      0.000E+00   1.00000    0.0000
     334  1/17:33:31.0  00:01:54.0      62         4         1        1       0.000      0     -4.175E-09   0.07640    0.9971
     335  1/17:33:31.0  00:01:54.0      62         5         1        1       0.000      0     -3.938E-09   0.25119    0.9679
     336  1/17:33:31.0  00:01:54.0      62         6         1        1       0.000      0     -2.146E-09   0.60126   -0.7991
     337  1/17:36:08.0  00:01:36.0      12         2         1        1       0.000      0      0.000E+00   1.00000    0.0000
     338  1/17:36:08.0  00:01:36.0      12         4         1        1       0.000      0     -4.352E-09   0.82291    0.5682
     339  1/17:36:08.0  00:01:36.0      12         5         1        1       0.000      0     -4.334E-09  -0.84014   -0.5424
     340  1/17:38:42.0  00:01:32.0      13         2         1        1       0.000      0      0.000E+00   1.00000    0.0000
     341  1/17:38:42.0  00:01:32.0      13         4         1        1       0.000      0     -4.474E-09  -0.34465   -0.9387
     342  1/17:38:42.0  00:01:32.0      13         5         1        1       0.000      0     -4.379E-09  -0.33647   -0.9417
     343  1/17:38:42.0  00:01:32.0      13         6         1        1       0.000      0     -2.373E-09   0.87442   -0.4852
     344  1/17:40:47.0  00:01:24.0      63         2         1        1       0.000      0      0.000E+00   1.00000    0.0000
     345  1/17:40:47.0  00:01:24.0      63         4         1        1       0.000      0     -4.365E-09  -0.99999    0.0049
     346  1/17:40:47.0  00:01:24.0      63         5         1        1       0.000      0     -4.415E-09  -0.87171    0.4900
     347  1/17:40:47.0  00:01:24.0      63         6         1        1       0.000      0     -2.337E-09  -0.48838   -0.8726
     348  1/17:43:08.0  00:01:42.0      64         2         1        1       0.000      0      0.000E+00   1.00000    0.0000
     349  1/17:43:08.0  00:01:42.0      64         4         1        1       0.000      0     -4.521E-09  -0.90562   -0.4241
     350  1/17:43:08.0  00:01:42.0      64         5         1        1       0.000      0     -4.847E-09   0.92691   -0.3753
     351  1/17:43:08.0  00:01:42.0      64         6         1        1       0.000      0     -2.290E-09  -0.97117   -0.2384
     352  1/17:45:40.0  00:01:38.0      65         2         1        1       0.000      0      0.000E+00   1.00000    0.0000
     353  1/17:45:40.0  00:01:38.0      65         4         1        1       0.000      0     -4.539E-09  -0.90787   -0.4193
     354  1/17:45:40.0  00:01:38.0      65         5         1        1       0.000      0     -4.593E-09  -0.98423   -0.1769
     355  1/17:45:40.0  00:01:38.0      65         6         1        1       0.000      0     -2.404E-09  -0.92704   -0.3750
     356  1/17:48:15.0  00:01:20.0      66         2         1        1       0.000      0      0.000E+00   1.00000    0.0000
     357  1/17:48:15.0  00:01:20.0      66         4         1        1       0.000      0     -5.353E-09  -0.55243    0.8336
     358  1/17:48:15.0  00:01:20.0      66         5         1        1       0.000      0     -5.281E-09  -0.99075    0.1357
     359  1/17:50:18.0  00:01:18.0      67         2         1        1       0.000      0      0.000E+00   1.00000    0.0000
     360  1/17:50:18.0  00:01:18.0      67         4         1        1       0.000      0     -4.803E-09   0.64303   -0.7658
     361  1/17:50:18.0  00:01:18.0      67         5         1        1       0.000      0     -4.936E-09   0.99127   -0.1318
     362  1/17:50:18.0  00:01:18.0      67         6         1        1       0.000      0     -2.723E-09  -0.67847    0.7346
     363  1/17:53:10.0  00:01:32.0       3         4         1        1       0.000      0     -4.607E-09   0.90321   -0.4292
     364  1/17:53:10.0  00:01:32.0       3         5         1        1       0.000      0     -4.678E-09   0.73953   -0.6731
     365  1/17:57:39.0  00:00:32.0       4         2         1        1       0.000      0      0.000E+00   1.00000    0.0000
     366  1/17:57:39.0  00:00:32.0       4         4         1        1       0.000      0     -4.300E-09  -0.96843    0.2493
     367  1/17:57:39.0  00:00:32.0       4         5         1        1       0.000      0     -3.949E-09  -0.72664   -0.6870
     368  1/17:59:16.0  00:01:24.0       6         2         1        1       0.000      0      0.000E+00   1.00000    0.0000
     369  1/17:59:16.0  00:01:24.0       6         4         1        1       0.000      0     -3.597E-09  -0.70278    0.7114
     370  1/17:59:16.0  00:01:24.0       6         5         1        1       0.000      0     -4.013E-09   0.43366    0.9011
