       1  0/17:00:17.0  00:00:32.0       1         1         1        -1      0.000      0      4.758E-09  -0.56912  -0.8223
       2  0/17:00:17.0  00:00:32.0       1         6         1        -1      0.000      0      1.685E-08  -0.89285  -0.4504
       3  0/17:10:30.0  00:00:58.0       1         2         1        -1      0.000      0           INDE   1.00000   0.0000
       4  0/17:10:30.0  00:00:58.0       1         4         1        -1      0.000      0           INDE   1.00000   0.0000
       5  0/17:13:30.0  00:02:58.0       1         2         1        -1      0.000      0           INDE   1.00000   0.0000
       6  0/17:13:30.0  00:02:58.0       1         4         1        -1      0.000      0           INDE   1.00000   0.0000
       7  0/17:17:30.0  00:02:58.0       1         2         1        -1      0.000      0           INDE   1.00000   0.0000
       8  0/17:17:30.0  00:02:58.0       1         4         1        -1      0.000      0           INDE   1.00000   0.0000
       9  0/17:21:30.0  00:02:58.0       1         2         1        -1      0.000      0      0.000E+00   1.00000   0.0000
      10  0/17:21:30.0  00:02:58.0       1         4         1        -1      0.000      0      2.549E-08   0.65909   0.7521
      11  0/17:25:30.0  00:02:58.0       1         2         1        -1      0.000      0      0.000E+00   1.00000   0.0000
      12  0/17:25:30.0  00:02:58.0       1         4         1        -1      0.000      0      2.551E-08  -0.42286   0.9062
      13  0/17:29:30.0  00:02:58.0       1         2         1        -1      0.000      0      0.000E+00   1.00000   0.0000
      14  0/17:29:30.0  00:02:58.0       1         4         1        -1      0.000      0      2.537E-08   0.31678  -0.9485
      15  0/17:33:30.0  00:02:58.0       1         2         1        -1      0.000      0      0.000E+00   1.00000   0.0000
      16  0/17:33:30.0  00:02:58.0       1         4         1        -1      0.000      0      2.510E-08   0.30583   0.9521
      17  0/17:37:30.0  00:02:58.0       1         2         1        -1      0.000      0      0.000E+00   1.00000   0.0000
      18  0/17:37:30.0  00:02:58.0       1         4         1        -1      0.000      0      2.311E-08  -0.96975   0.2441
      19  0/17:41:30.0  00:02:58.0       1         2         1        -1      0.000      0      0.000E+00   1.00000   0.0000
      20  0/17:41:30.0  00:02:58.0       1         4         1        -1      0.000      0      2.492E-08  -0.41445  -0.9101
      21  0/17:45:08.0  00:02:14.0       1         2         1        -1      0.000      0      0.000E+00   1.00000   0.0000
      22  0/17:45:08.0  00:02:14.0       1         4         1        -1      0.000      0      2.475E-08  -0.98360   0.1804
      23  0/17:49:30.0  00:02:58.0       1         2         1        -1      0.000      0      0.000E+00   1.00000   0.0000
      24  0/17:49:30.0  00:02:58.0       1         4         1        -1      0.000      0      2.475E-08   0.67033  -0.7421
      25  0/18:01:00.0  00:01:58.0       2         1         1        -1      0.000      0      4.758E-09  -0.98979   0.1425
      26  0/18:01:00.0  00:01:58.0       2         2         1        -1      0.000      0      0.000E+00   1.00000   0.0000
      27  0/18:01:00.0  00:01:58.0       2         4         1        -1      0.000      0      2.434E-08   0.16611   0.9861
      28  0/18:03:39.0  00:01:38.0       3         1         1        -1      0.000      0      3.825E-09   0.98554  -0.1694
      29  0/18:03:39.0  00:01:38.0       3         2         1        -1      0.000      0      0.000E+00   1.00000   0.0000
      30  0/18:03:39.0  00:01:38.0       3         4         1        -1      0.000      0      2.427E-08   0.25761   0.9662
      31  0/18:08:33.0  00:01:52.0       4         1         1        -1      0.000      0      5.335E-09   0.23561  -0.9718
      32  0/18:08:33.0  00:01:52.0       4         2         1        -1      0.000      0      0.000E+00   1.00000   0.0000
      33  0/18:08:33.0  00:01:52.0       4         4         1        -1      0.000      0      2.500E-08   0.99637  -0.0851
      34  0/18:11:03.0  00:01:50.0       5         1         1        -1      0.000      0      5.230E-09  -0.84617   0.5329
      35  0/18:11:03.0  00:01:50.0       5         2         1        -1      0.000      0      0.000E+00   1.00000   0.0000
      36  0/18:11:03.0  00:01:50.0       5         4         1        -1      0.000      0      2.455E-08  -0.21684  -0.9762
      37  0/18:13:34.0  00:01:50.0       6         1         1        -1      0.000      0      5.234E-09  -0.97359   0.2283
      38  0/18:13:34.0  00:01:50.0       6         2         1        -1      0.000      0      0.000E+00   1.00000   0.0000
      39  0/18:13:34.0  00:01:50.0       6         4         1        -1      0.000      0      2.482E-08   0.40182  -0.9157
      40  0/18:16:29.0  00:01:58.0       7         1         1        -1      0.000      0      5.307E-09  -0.04967   0.9988
      41  0/18:16:29.0  00:01:58.0       7         2         1        -1      0.000      0      0.000E+00   1.00000   0.0000
      42  0/18:16:29.0  00:01:58.0       7         4         1        -1      0.000      0      2.442E-08  -0.95432   0.2988
      43  0/18:16:29.0  00:01:58.0       7         6         1        -1      0.000      0      1.640E-08  -0.30214  -0.9533
      44  0/18:19:33.0  00:01:50.0       8         1         1        -1      0.000      0      5.177E-09   0.74239  -0.6700
      45  0/18:19:33.0  00:01:50.0       8         2         1        -1      0.000      0      0.000E+00   1.00000   0.0000
      46  0/18:19:33.0  00:01:50.0       8         4         1        -1      0.000      0      2.556E-08  -0.55932   0.8290
      47  0/18:22:31.0  00:01:54.0       9         1         1        -1      0.000      0      5.202E-09   0.98945   0.1449
      48  0/18:22:31.0  00:01:54.0       9         2         1        -1      0.000      0      0.000E+00   1.00000   0.0000
      49  0/18:22:31.0  00:01:54.0       9         4         1        -1      0.000      0      2.453E-08  -0.68000   0.7332
      50  0/18:22:31.0  00:01:54.0       9         6         1        -1      0.000      0      1.630E-08   0.93359  -0.3584
      51  0/18:25:59.0  00:02:00.0      10         1         1        -1      0.000      0      5.176E-09   0.79556   0.6059
      52  0/18:25:59.0  00:02:00.0      10         2         1        -1      0.000      0      0.000E+00   1.00000   0.0000
      53  0/18:25:59.0  00:02:00.0      10         4         1        -1      0.000      0      2.401E-08  -0.99943  -0.0338
      54  0/18:25:59.0  00:02:00.0      10         6         1        -1      0.000      0      1.619E-08   0.99934  -0.0364
      55  0/18:28:53.0  00:02:10.0      11         1         1        -1      0.000      0      5.155E-09  -0.08120  -0.9967
      56  0/18:28:53.0  00:02:10.0      11         2         1        -1      0.000      0      0.000E+00   1.00000   0.0000
      57  0/18:28:53.0  00:02:10.0      11         4         1        -1      0.000      0      2.391E-08  -0.93552   0.3533
      58  0/18:28:53.0  00:02:10.0      11         6         1        -1      0.000      0      1.605E-08   0.61244   0.7905
      59  0/18:32:05.0  00:01:48.0      12         1         1        -1      0.000      0      4.813E-09   0.60683  -0.7948
      60  0/18:32:05.0  00:01:48.0      12         2         1        -1      0.000      0      0.000E+00   1.00000   0.0000
      61  0/18:32:05.0  00:01:48.0      12         4         1        -1      0.000      0      2.389E-08  -0.74118  -0.6713
      62  0/18:34:55.0  00:02:08.0      13         1         1        -1      0.000      0      5.036E-09  -0.72109   0.6928
      63  0/18:34:55.0  00:02:08.0      13         2         1        -1      0.000      0      0.000E+00   1.00000   0.0000
      64  0/18:34:55.0  00:02:08.0      13         4         1        -1      0.000      0      2.386E-08   0.71702  -0.6970
      65  0/18:34:55.0  00:02:08.0      13         6         1        -1      0.000      0      1.589E-08   0.62759   0.7785
      66  0/18:37:33.0  00:01:52.0      14         1         1        -1      0.000      0      5.191E-09  -0.77316   0.6342
      67  0/18:37:33.0  00:01:52.0      14         2         1        -1      0.000      0      0.000E+00   1.00000   0.0000
      68  0/18:37:33.0  00:01:52.0      14         4         1        -1      0.000      0      2.374E-08  -0.55260   0.8334
      69  0/18:37:33.0  00:01:52.0      14         6         1        -1      0.000      0      1.608E-08  -0.41853   0.9082
      70  0/18:41:14.0  00:01:30.0      15         1         1        -1      0.000      0      3.975E-09   0.26887  -0.9632
      71  0/18:41:14.0  00:01:30.0      15         2         1        -1      0.000      0      0.000E+00   1.00000   0.0000
      72  0/18:43:30.0  00:02:58.0      17         1         1        -1      0.000      0      5.035E-09  -0.72833   0.6852
      73  0/18:43:30.0  00:02:58.0      17         2         1        -1      0.000      0      0.000E+00   1.00000   0.0000
      74  0/18:43:30.0  00:02:58.0      17         4         1        -1      0.000      0      2.359E-08  -0.18609  -0.9825
      75  0/18:43:30.0  00:02:58.0      17         6         1        -1      0.000      0      1.586E-08   0.86374  -0.5039
      76  1/01:18:54.0  00:02:08.0      17         1         1        -1      0.000      0      3.813E-09  -0.96500  -0.2622
      77  1/01:18:54.0  00:02:08.0      17         2         1        -1      0.000      0      0.000E+00   1.00000   0.0000
      78  1/01:18:54.0  00:02:08.0      17         4         1        -1      0.000      0      1.537E-08  -0.76561  -0.6433
      79  1/01:18:54.0  00:02:08.0      17         5         1        -1      0.000      0      1.602E-08   0.40404  -0.9147
      80  1/01:21:44.0  00:02:30.0      18         1         1        -1      0.000      0      3.921E-09  -0.85073   0.5256
      81  1/01:21:44.0  00:02:30.0      18         2         1        -1      0.000      0      0.000E+00   1.00000   0.0000
      82  1/01:21:44.0  00:02:30.0      18         4         1        -1      0.000      0      1.496E-08  -0.17770  -0.9841
      83  1/01:21:44.0  00:02:30.0      18         5         1        -1      0.000      0      1.603E-08  -0.95354   0.3013
      84  1/01:24:47.0  00:02:22.0       2         1         1        -1      0.000      0      3.705E-09   0.52701   0.8499
      85  1/01:24:47.0  00:02:22.0       2         2         1        -1      0.000      0      0.000E+00   1.00000   0.0000
      86  1/01:24:47.0  00:02:22.0       2         4         1        -1      0.000      0      1.522E-08  -0.30921  -0.9510
      87  1/01:24:47.0  00:02:22.0       2         5         1        -1      0.000      0      1.576E-08   0.87279   0.4881
      88  1/01:27:26.0  00:01:40.0      19         1         1        -1      0.000      0      3.696E-09  -0.94528   0.3262
      89  1/01:27:26.0  00:01:40.0      19         4         1        -1      0.000      0      1.500E-08   0.94057   0.3396
      90  1/01:27:26.0  00:01:40.0      19         5         1        -1      0.000      0      1.563E-08  -0.85050  -0.5260
      91  1/01:29:08.0  00:01:40.0      19         1         1        -1      0.000      0      3.690E-09  -0.95556  -0.2948
      92  1/01:29:08.0  00:01:40.0      19         4         1        -1      0.000      0      1.507E-08  -0.47896  -0.8778
      93  1/01:29:08.0  00:01:40.0      19         5         1        -1      0.000      0      1.565E-08  -0.05654   0.9984
      94  1/01:31:53.0  00:02:12.0      20         1         1        -1      0.000      0      3.681E-09  -0.89516  -0.4458
      95  1/01:31:53.0  00:02:12.0      20         4         1        -1      0.000      0      1.506E-08  -0.71918  -0.6948
      96  1/01:31:53.0  00:02:12.0      20         5         1        -1      0.000      0      1.556E-08   0.95041   0.3110
      97  1/01:31:53.0  00:02:12.0      20         6         1        -1      0.000      0      1.032E-08   0.98108   0.1936
      98  1/01:34:52.0  00:02:14.0      21         1         1        -1      0.000      0      3.672E-09  -0.84635   0.5326
      99  1/01:34:52.0  00:02:14.0      21         2         1        -1      0.000      0      0.000E+00   1.00000   0.0000
     100  1/01:34:52.0  00:02:14.0      21         4         1        -1      0.000      0      1.460E-08  -0.77843   0.6277
     101  1/01:34:52.0  00:02:14.0      21         5         1        -1      0.000      0      1.588E-08   0.59575   0.8032
     102  1/01:38:25.0  00:01:08.0      22         1         1        -1      0.000      0      3.610E-09  -0.91229  -0.4095
     103  1/01:38:25.0  00:01:08.0      22         2         1        -1      0.000      0      0.000E+00   1.00000   0.0000
     104  1/01:38:25.0  00:01:08.0      22         4         1        -1      0.000      0      1.494E-08   0.99953  -0.0308
     105  1/01:38:25.0  00:01:08.0      22         5         1        -1      0.000      0      1.553E-08  -0.99974  -0.0226
     106  1/01:38:25.0  00:01:08.0      22         6         1        -1      0.000      0      1.033E-08  -0.97890  -0.2043
     107  1/01:41:36.0  00:02:46.0      23         1         1        -1      0.000      0      3.597E-09  -0.93484  -0.3551
     108  1/01:41:36.0  00:02:46.0      23         2         1        -1      0.000      0      0.000E+00   1.00000   0.0000
     109  1/01:41:36.0  00:02:46.0      23         4         1        -1      0.000      0      1.468E-08  -0.73111   0.6823
     110  1/01:41:36.0  00:02:46.0      23         5         1        -1      0.000      0      1.534E-08   0.85207  -0.5234
     111  1/01:45:03.0  00:01:54.0      24         2         1        -1      0.000      0      0.000E+00   1.00000   0.0000
     112  1/01:45:03.0  00:01:54.0      24         4         1        -1      0.000      0      1.455E-08  -0.96127  -0.2756
     113  1/01:47:00.0  00:01:56.0      24         2         1        -1      0.000      0      0.000E+00   1.00000   0.0000
     114  1/01:47:00.0  00:01:56.0      24         4         1        -1      0.000      0      1.454E-08  -0.57573   0.8176
     115  1/01:49:41.0  00:02:36.0      25         2         1        -1      0.000      0      0.000E+00   1.00000   0.0000
     116  1/01:49:41.0  00:02:36.0      25         4         1        -1      0.000      0      1.452E-08   0.26558  -0.9641
     117  1/01:52:45.0  00:02:28.0      26         1         1        -1      0.000      0      3.421E-09   0.98560   0.1691
     118  1/01:52:45.0  00:02:28.0      26         2         1        -1      0.000      0      0.000E+00   1.00000   0.0000
     119  1/01:52:45.0  00:02:28.0      26         5         1        -1      0.000      0      1.493E-08  -0.96156   0.2746
     120  1/01:55:34.0  00:02:48.0      27         1         1        -1      0.000      0      3.553E-09   0.28368  -0.9589
     121  1/01:55:34.0  00:02:48.0      27         2         1        -1      0.000      0      0.000E+00   1.00000   0.0000
     122  1/01:55:34.0  00:02:48.0      27         5         1        -1      0.000      0      1.486E-08   0.43660  -0.8997
     123  1/01:58:37.0  00:02:44.0      28         1         1        -1      0.000      0      3.629E-09   0.77133   0.6364
     124  1/01:58:37.0  00:02:44.0      28         2         1        -1      0.000      0      0.000E+00   1.00000   0.0000
     125  1/01:58:37.0  00:02:44.0      28         4         1        -1      0.000      0      1.482E-08  -0.99586  -0.0909
     126  1/01:58:37.0  00:02:44.0      28         5         1        -1      0.000      0      1.480E-08  -0.26345  -0.9647
     127  1/05:34:42.0  00:01:30.0      29         1         1        -1      0.000      0      2.648E-09   0.82259   0.5686
     128  1/05:34:42.0  00:01:30.0      29         2         1        -1      0.000      0      0.000E+00   1.00000   0.0000
     129  1/05:34:42.0  00:01:30.0      29         5         1        -1      0.000      0      1.076E-08   0.71774   0.6963
     130  1/05:36:14.0  00:01:30.0      29         1         1        -1      0.000      0      2.692E-09   0.86252   0.5060
     131  1/05:36:14.0  00:01:30.0      29         2         1        -1      0.000      0      0.000E+00   1.00000   0.0000
     132  1/05:36:14.0  00:01:30.0      29         5         1        -1      0.000      0      1.045E-08   0.98788  -0.1552
     133  1/05:38:07.0  00:01:44.0      30         1         1        -1      0.000      0      2.656E-09   0.14063   0.9901
     134  1/05:38:07.0  00:01:44.0      30         2         1        -1      0.000      0      0.000E+00   1.00000   0.0000
     135  1/05:38:07.0  00:01:44.0      30         5         1        -1      0.000      0      1.040E-08  -0.86668   0.4989
     136  1/05:40:30.0  00:02:58.0      41         1         1        -1      0.000      0      2.885E-09   0.92317   0.3844
     137  1/05:40:30.0  00:02:58.0      41         2         1        -1      0.000      0      0.000E+00   1.00000   0.0000
     138  1/05:40:30.0  00:02:58.0      41         4         1        -1      0.000      0      1.023E-08   0.97378  -0.2275
     139  1/05:40:30.0  00:02:58.0      41         5         1        -1      0.000      0      1.082E-08  -0.39188   0.9200
     140  1/05:40:30.0  00:02:58.0      41         6         1        -1      0.000      0      7.154E-09   0.03037  -0.9995
     141  1/05:43:48.0  00:02:20.0      31         1         1        -1      0.000      0      2.742E-09   0.58132   0.8137
     142  1/05:43:48.0  00:02:20.0      31         2         1        -1      0.000      0      0.000E+00   1.00000   0.0000
     143  1/05:43:48.0  00:02:20.0      31         4         1        -1      0.000      0      9.923E-09  -0.25250   0.9676
     144  1/05:43:48.0  00:02:20.0      31         5         1        -1      0.000      0      1.051E-08   0.86934  -0.4942
     145  1/05:43:48.0  00:02:20.0      31         6         1        -1      0.000      0      6.952E-09  -0.95229  -0.3052
     146  1/05:47:45.0  00:01:28.0      32         1         1        -1      0.000      0      2.448E-09   0.62453  -0.7810
     147  1/05:47:45.0  00:01:28.0      32         2         1        -1      0.000      0      0.000E+00   1.00000   0.0000
     148  1/05:47:45.0  00:01:28.0      32         4         1        -1      0.000      0      9.621E-09  -0.23840   0.9712
     149  1/05:47:45.0  00:01:28.0      32         5         1        -1      0.000      0      1.005E-08  -0.96552  -0.2603
     150  1/05:49:57.0  00:02:04.0      33         1         1        -1      0.000      0      2.338E-09  -0.71174   0.7024
     151  1/05:49:57.0  00:02:04.0      33         2         1        -1      0.000      0      0.000E+00   1.00000   0.0000
     152  1/05:49:57.0  00:02:04.0      33         4         1        -1      0.000      0      9.383E-09  -0.85049  -0.5260
     153  1/05:49:57.0  00:02:04.0      33         5         1        -1      0.000      0      9.848E-09  -0.84139  -0.5404
     154  1/05:49:57.0  00:02:04.0      33         6         1        -1      0.000      0      6.401E-09   0.72777  -0.6858
     155  1/05:52:44.0  00:02:30.0      34         1         1        -1      0.000      0      2.051E-09  -0.93903   0.3438
     156  1/05:52:44.0  00:02:30.0      34         2         1        -1      0.000      0      0.000E+00   1.00000   0.0000
     157  1/05:52:44.0  00:02:30.0      34         4         1        -1      0.000      0      9.038E-09   0.47900   0.8778
     158  1/05:52:44.0  00:02:30.0      34         5         1        -1      0.000      0      9.541E-09   0.53273   0.8463
     159  1/05:55:42.0  00:02:34.0      35         1         1        -1      0.000      0      1.764E-09  -0.85718  -0.5150
     160  1/05:55:42.0  00:02:34.0      35         2         1        -1      0.000      0      0.000E+00   1.00000   0.0000
     161  1/05:55:42.0  00:02:34.0      35         4         1        -1      0.000      0      8.533E-09   0.96602  -0.2585
     162  1/05:55:42.0  00:02:34.0      35         5         1        -1      0.000      0      9.100E-09  -0.37352  -0.9276
     163  1/05:59:04.0  00:01:50.0      36         1         1        -1      0.000      0      2.302E-09  -0.69066  -0.7232
     164  1/05:59:04.0  00:01:50.0      36         4         1        -1      0.000      0      9.327E-09   0.96897   0.2472
     165  1/06:01:09.0  00:01:32.0      37         2         1        -1      0.000      0      0.000E+00   1.00000   0.0000
     166  1/06:01:09.0  00:01:32.0      37         5         1        -1      0.000      0      1.068E-08  -0.88383   0.4678
     167  1/06:02:43.0  00:01:32.0      37         1         1        -1      0.000      0      2.885E-09   0.87200  -0.4895
     168  1/06:02:43.0  00:01:32.0      37         2         1        -1      0.000      0      0.000E+00   1.00000   0.0000
     169  1/06:02:43.0  00:01:32.0      37         5         1        -1      0.000      0      1.033E-08   0.67256   0.7400
     170  1/06:05:01.0  00:01:56.0      38         1         1        -1      0.000      0      2.639E-09  -0.68336   0.7301
     171  1/06:05:01.0  00:01:56.0      38         2         1        -1      0.000      0      0.000E+00   1.00000   0.0000
     172  1/06:05:01.0  00:01:56.0      38         5         1        -1      0.000      0      1.043E-08  -0.79152  -0.6111
     173  1/06:07:30.0  00:02:58.0      42         1         1        -1      0.000      0      2.365E-09  -0.91830   0.3959
     174  1/06:07:30.0  00:02:58.0      42         2         1        -1      0.000      0      0.000E+00   1.00000   0.0000
     175  1/06:07:30.0  00:02:58.0      42         4         1        -1      0.000      0      9.403E-09   0.61909  -0.7853
     176  1/06:07:30.0  00:02:58.0      42         5         1        -1      0.000      0      9.835E-09   0.93811  -0.3463
     177  1/06:07:30.0  00:02:58.0      42         6         1        -1      0.000      0      6.468E-09   0.93152  -0.3637
     178  1/06:10:48.0  00:02:20.0      39         1         1        -1      0.000      0      2.437E-09   0.91291   0.4082
     179  1/06:10:48.0  00:02:20.0      39         2         1        -1      0.000      0      0.000E+00   1.00000   0.0000
     180  1/06:10:48.0  00:02:20.0      39         4         1        -1      0.000      0      9.143E-09   0.89851   0.4390
     181  1/06:10:48.0  00:02:20.0      39         5         1        -1      0.000      0      1.023E-08   0.69233  -0.7216
     182  1/06:14:11.0  00:01:34.0      40         1         1        -1      0.000      0      2.550E-09   0.02852   0.9996
     183  1/06:14:11.0  00:01:34.0      40         2         1        -1      0.000      0      0.000E+00   1.00000   0.0000
     184  1/06:14:11.0  00:01:34.0      40         4         1        -1      0.000      0      9.413E-09   0.99911   0.0423
     185  1/06:14:11.0  00:01:34.0      40         5         1        -1      0.000      0      9.868E-09  -0.41998   0.9075
     186  1/06:14:11.0  00:01:34.0      40         6         1        -1      0.000      0      6.635E-09  -0.58763   0.8091
     187  1/09:21:10.0  00:00:38.0      43         1         1        -1      0.000      0      2.022E-09  -0.78944  -0.6138
     188  1/09:21:10.0  00:00:38.0      43         2         1        -1      0.000      0      0.000E+00   1.00000   0.0000
     189  1/09:21:10.0  00:00:38.0      43         4         1        -1      0.000      0      6.157E-09  -0.17511  -0.9845
     190  1/09:21:10.0  00:00:38.0      43         5         1        -1      0.000      0           INDE   1.00000   0.0000
     191  1/09:23:43.0  00:01:32.0      44         1         1        -1      0.000      0      1.868E-09  -0.73124   0.6821
     192  1/09:23:43.0  00:01:32.0      44         2         1        -1      0.000      0      0.000E+00   1.00000   0.0000
     193  1/09:23:43.0  00:01:32.0      44         4         1        -1      0.000      0      5.393E-09   0.64310   0.7658
     194  1/09:23:43.0  00:01:32.0      44         5         1        -1      0.000      0      5.987E-09  -0.15636  -0.9877
     195  1/09:27:19.0  00:01:18.0      40         1         1        -1      0.000      0      1.928E-09   0.04485  -0.9990
     196  1/09:27:19.0  00:01:18.0      40         2         1        -1      0.000      0      0.000E+00   1.00000   0.0000
     197  1/09:27:19.0  00:01:18.0      40         4         1        -1      0.000      0      5.629E-09  -0.97671   0.2145
     198  1/09:27:19.0  00:01:18.0      40         5         1        -1      0.000      0      5.951E-09  -0.93259  -0.3609
     199  1/09:29:49.0  00:02:18.0      45         1         1        -1      0.000      0      1.593E-09  -0.81734  -0.5762
     200  1/09:29:49.0  00:02:18.0      45         2         1        -1      0.000      0      0.000E+00   1.00000   0.0000
     201  1/09:29:49.0  00:02:18.0      45         4         1        -1      0.000      0      5.191E-09  -0.75357  -0.6574
     202  1/09:29:49.0  00:02:18.0      45         5         1        -1      0.000      0      5.745E-09  -0.39135  -0.9202
     203  1/09:32:32.0  00:01:52.0      46         1         1        -1      0.000      0      1.613E-09  -0.86393  -0.5036
     204  1/09:32:32.0  00:01:52.0      46         2         1        -1      0.000      0      0.000E+00   1.00000   0.0000
     205  1/09:32:32.0  00:01:52.0      46         4         1        -1      0.000      0      5.165E-09   0.61353  -0.7897
     206  1/09:32:32.0  00:01:52.0      46         5         1        -1      0.000      0      5.572E-09   0.94328   0.3320
     207  1/09:35:24.0  00:02:10.0      47         1         1        -1      0.000      0      1.552E-09   0.29904   0.9542
     208  1/09:35:24.0  00:02:10.0      47         2         1        -1      0.000      0      0.000E+00   1.00000   0.0000
     209  1/09:35:24.0  00:02:10.0      47         4         1        -1      0.000      0      5.365E-09  -0.86989   0.4932
     210  1/09:35:24.0  00:02:10.0      47         5         1        -1      0.000      0      5.584E-09   0.93868   0.3448
     211  1/09:35:24.0  00:02:10.0      47         6         1        -1      0.000      0      3.654E-09   0.33841   0.9410
     212  1/09:38:01.0  00:01:56.0      48         1         1        -1      0.000      0      1.604E-09  -0.13206   0.9912
     213  1/09:38:01.0  00:01:56.0      48         2         1        -1      0.000      0      0.000E+00   1.00000   0.0000
     214  1/09:38:01.0  00:01:56.0      48         4         1        -1      0.000      0      5.348E-09   0.99996   0.0089
     215  1/09:38:01.0  00:01:56.0      48         5         1        -1      0.000      0      5.660E-09   0.42272  -0.9063
     216  1/09:38:01.0  00:01:56.0      48         6         1        -1      0.000      0           INDE   1.00000   0.0000
     217  1/09:40:07.0  00:01:32.0      49         1         1        -1      0.000      0      1.494E-09   0.54549   0.8381
     218  1/09:40:07.0  00:01:32.0      49         2         1        -1      0.000      0      0.000E+00   1.00000   0.0000
     219  1/09:40:07.0  00:01:32.0      49         4         1        -1      0.000      0      4.940E-09  -0.57505  -0.8181
     220  1/09:40:07.0  00:01:32.0      49         5         1        -1      0.000      0      5.608E-09  -0.46875   0.8833
     221  1/09:41:42.0  00:01:34.0      49         1         1        -1      0.000      0      1.695E-09   0.35756   0.9339
     222  1/09:41:42.0  00:01:34.0      49         2         1        -1      0.000      0      0.000E+00   1.00000   0.0000
     223  1/09:41:42.0  00:01:34.0      49         4         1        -1      0.000      0      5.403E-09  -0.80796   0.5892
     224  1/09:41:42.0  00:01:34.0      49         5         1        -1      0.000      0      5.703E-09   0.67843   0.7347
     225  1/09:44:02.0  00:01:52.0      50         1         1        -1      0.000      0      1.498E-09   0.94459   0.3283
     226  1/09:44:02.0  00:01:52.0      50         2         1        -1      0.000      0      0.000E+00   1.00000   0.0000
     227  1/09:44:02.0  00:01:52.0      50         4         1        -1      0.000      0      5.435E-09   0.75917  -0.6509
     228  1/09:44:02.0  00:01:52.0      50         5         1        -1      0.000      0      5.466E-09  -0.58717   0.8095
     229  1/09:46:59.0  00:01:58.0      32         1         1        -1      0.000      0      1.534E-09  -0.50756   0.8616
     230  1/09:46:59.0  00:01:58.0      32         2         1        -1      0.000      0      0.000E+00   1.00000   0.0000
     231  1/09:46:59.0  00:01:58.0      32         4         1        -1      0.000      0      5.115E-09  -0.94902   0.3152
     232  1/09:46:59.0  00:01:58.0      32         5         1        -1      0.000      0      5.419E-09  -0.99718  -0.0751
     233  1/09:49:28.0  00:02:02.0      51         1         1        -1      0.000      0      1.511E-09   0.93426   0.3566
     234  1/09:49:28.0  00:02:02.0      51         2         1        -1      0.000      0      0.000E+00   1.00000   0.0000
     235  1/09:49:28.0  00:02:02.0      51         4         1        -1      0.000      0      4.992E-09   0.64050  -0.7680
     236  1/09:49:28.0  00:02:02.0      51         5         1        -1      0.000      0      5.130E-09   0.68806  -0.7257
     237  1/09:49:28.0  00:02:02.0      51         6         1        -1      0.000      0           INDE   1.00000   0.0000
     238  1/09:54:14.0  00:01:30.0      52         1         1        -1      0.000      0      1.135E-09   0.98927   0.1461
     239  1/09:54:14.0  00:01:30.0      52         2         1        -1      0.000      0      0.000E+00   1.00000   0.0000
     240  1/09:54:14.0  00:01:30.0      52         4         1        -1      0.000      0      4.538E-09  -0.99015  -0.1400
     241  1/09:54:14.0  00:01:30.0      52         5         1        -1      0.000      0      4.651E-09  -0.99935   0.0360
     242  1/09:56:30.0  00:01:58.0      53         1         1        -1      0.000      0      8.132E-10   0.99771  -0.0676
     243  1/09:56:30.0  00:01:58.0      53         2         1        -1      0.000      0      0.000E+00   1.00000   0.0000
     244  1/09:56:30.0  00:01:58.0      53         4         1        -1      0.000      0      4.129E-09  -0.82655   0.5629
     245  1/09:56:30.0  00:01:58.0      53         5         1        -1      0.000      0      4.248E-09   0.92293   0.3850
     246  1/09:58:59.0  00:01:58.0       5         1         1        -1      0.000      0      8.062E-10  -0.07755   0.9970
     247  1/09:58:59.0  00:01:58.0       5         4         1        -1      0.000      0      4.185E-09   0.83990  -0.5427
     248  1/09:58:59.0  00:01:58.0       5         5         1        -1      0.000      0      4.302E-09  -0.22064  -0.9754
     249  1/13:35:03.0  00:01:50.0      54         1         1        -1      0.000      0      1.974E-10  -0.83418   0.5515
     250  1/13:35:03.0  00:01:50.0      54         2         1        -1      0.000      0      0.000E+00   1.00000   0.0000
     251  1/13:35:03.0  00:01:50.0      54         4         1        -1      0.000      0     -7.271E-11  -0.12411   0.9923
     252  1/13:35:03.0  00:01:50.0      54         5         1        -1      0.000      0      2.135E-10   0.50931  -0.8606
     253  1/13:41:02.0  00:01:52.0      56         1         1        -1      0.000      0      3.886E-10   0.98741   0.1582
     254  1/13:41:02.0  00:01:52.0      56         4         1        -1      0.000      0      2.570E-10  -0.98309  -0.1831
     255  1/13:41:02.0  00:01:52.0      56         5         1        -1      0.000      0      2.107E-10   0.95437   0.2986
     256  1/13:45:13.0  00:01:32.0      57         1         1        -1      0.000      0      5.223E-10  -0.23067  -0.9730
     257  1/13:45:13.0  00:01:32.0      57         2         1        -1      0.000      0      0.000E+00   1.00000   0.0000
     258  1/13:45:13.0  00:01:32.0      57         4         1        -1      0.000      0      2.458E-10   0.58368   0.8120
     259  1/13:45:13.0  00:01:32.0      57         5         1        -1      0.000      0      5.879E-10  -0.19750  -0.9803
     260  1/13:47:55.0  00:02:08.0      58         1         1        -1      0.000      0      2.777E-10   0.99907  -0.0431
     261  1/13:47:55.0  00:02:08.0      58         2         1        -1      0.000      0      0.000E+00   1.00000   0.0000
     262  1/13:47:55.0  00:02:08.0      58         4         1        -1      0.000      0     -7.568E-11   0.08867   0.9961
     263  1/13:47:55.0  00:02:08.0      58         5         1        -1      0.000      0      2.414E-10  -0.34231   0.9396
     264  1/13:51:28.0  00:02:00.0      52         1         1        -1      0.000      0      4.566E-10  -0.53776  -0.8431
     265  1/13:51:28.0  00:02:00.0      52         2         1        -1      0.000      0      0.000E+00   1.00000   0.0000
     266  1/13:51:28.0  00:02:00.0      52         4         1        -1      0.000      0      4.024E-11  -0.97484  -0.2229
     267  1/13:51:28.0  00:02:00.0      52         5         1        -1      0.000      0      3.093E-10   0.10812   0.9941
     268  1/13:51:28.0  00:02:00.0      52         6         1        -1      0.000      0      4.277E-10   0.11727  -0.9931
     269  1/13:54:30.0  00:01:58.0      59         1         1        -1      0.000      0      3.775E-10  -0.70333   0.7109
     270  1/13:54:30.0  00:01:58.0      59         2         1        -1      0.000      0      0.000E+00   1.00000   0.0000
     271  1/13:54:30.0  00:01:58.0      59         4         1        -1      0.000      0     -1.038E-10  -0.12131  -0.9926
     272  1/13:54:30.0  00:01:58.0      59         5         1        -1      0.000      0      2.057E-10  -0.27525   0.9614
     273  1/13:54:30.0  00:01:58.0      59         6         1        -1      0.000      0      2.070E-10   0.58725  -0.8094
     274  1/13:56:34.0  00:01:50.0       5         1         1        -1      0.000      0      3.602E-10   0.04738   0.9989
     275  1/13:56:34.0  00:01:50.0       5         2         1        -1      0.000      0      0.000E+00   1.00000   0.0000
     276  1/13:56:34.0  00:01:50.0       5         4         1        -1      0.000      0     -3.946E-11  -0.87036   0.4924
     277  1/13:56:34.0  00:01:50.0       5         5         1        -1      0.000      0      2.490E-10   0.99913  -0.0417
     278  1/13:56:34.0  00:01:50.0       5         6         1        -1      0.000      0      1.602E-10  -0.70810  -0.7061
     279  1/13:59:27.0  00:02:04.0      60         1         1        -1      0.000      0      2.903E-10  -0.36021  -0.9329
     280  1/13:59:27.0  00:02:04.0      60         2         1        -1      0.000      0      0.000E+00   1.00000   0.0000
     281  1/13:59:27.0  00:02:04.0      60         4         1        -1      0.000      0     -1.768E-10   0.98348   0.1810
     282  1/13:59:27.0  00:02:04.0      60         5         1        -1      0.000      0     -7.745E-11   0.78236  -0.6228
     283  1/13:59:27.0  00:02:04.0      60         6         1        -1      0.000      0     -3.876E-11   0.83024   0.5574
     284  1/14:02:36.0  00:01:46.0       7         1         1        -1      0.000      0      3.899E-10   0.21950   0.9756
     285  1/14:02:36.0  00:01:46.0       7         2         1        -1      0.000      0      0.000E+00   1.00000   0.0000
     286  1/14:02:36.0  00:01:46.0       7         4         1        -1      0.000      0     -2.625E-10   0.88976   0.4564
     287  1/14:02:36.0  00:01:46.0       7         5         1        -1      0.000      0      3.278E-11  -0.67608   0.7368
     288  1/14:02:36.0  00:01:46.0       7         6         1        -1      0.000      0      1.945E-10  -0.98489   0.1732
     289  1/14:05:03.0  00:01:52.0       9         1         1        -1      0.000      0      7.250E-10   0.46999  -0.8827
     290  1/14:05:03.0  00:01:52.0       9         2         1        -1      0.000      0      0.000E+00   1.00000   0.0000
     291  1/14:05:03.0  00:01:52.0       9         4         1        -1      0.000      0      2.518E-10  -0.94066  -0.3394
     292  1/14:05:03.0  00:01:52.0       9         5         1        -1      0.000      0      3.511E-10  -0.98785  -0.1554
     293  1/14:05:03.0  00:01:52.0       9         6         1        -1      0.000      0      5.494E-10  -0.16580  -0.9862
     294  1/14:08:05.0  00:01:48.0      10         1         1        -1      0.000      0      1.279E-10  -0.23943   0.9709
     295  1/14:08:05.0  00:01:48.0      10         2         1        -1      0.000      0      0.000E+00   1.00000   0.0000
     296  1/14:08:05.0  00:01:48.0      10         4         1        -1      0.000      0     -5.571E-10   0.48666   0.8736
     297  1/14:08:05.0  00:01:48.0      10         5         1        -1      0.000      0     -3.534E-10   0.37955   0.9252
     298  1/14:08:05.0  00:01:48.0      10         6         1        -1      0.000      0     -1.807E-10   0.77337  -0.6340
     299  1/14:10:53.0  00:02:10.0      11         1         1        -1      0.000      0     -8.043E-11   0.98041  -0.1970
     300  1/14:10:53.0  00:02:10.0      11         2         1        -1      0.000      0      0.000E+00   1.00000   0.0000
     301  1/14:10:53.0  00:02:10.0      11         4         1        -1      0.000      0     -7.562E-10  -0.54973   0.8353
     302  1/14:10:53.0  00:02:10.0      11         5         1        -1      0.000      0     -7.637E-10   0.58897   0.8082
     303  1/14:13:52.0  00:02:14.0      61         1         1        -1      0.000      0     -8.043E-11   0.95628   0.2924
     304  1/14:13:52.0  00:02:14.0      61         4         1        -1      0.000      0     -4.046E-10   0.72687   0.6868
     305  1/14:13:52.0  00:02:14.0      61         5         1        -1      0.000      0     -9.017E-10  -0.98564   0.1689
     306  1/17:19:22.0  00:01:12.0      18         2         1        -1      0.000      0      0.000E+00   1.00000   0.0000
     307  1/17:19:22.0  00:01:12.0      18         4         1        -1      0.000      0     -4.207E-09  -0.15470   0.9880
     308  1/17:19:22.0  00:01:12.0      18         5         1        -1      0.000      0     -4.929E-09   0.40708  -0.9134
     309  1/17:21:46.0  00:02:24.0       2         2         1        -1      0.000      0      0.000E+00   1.00000   0.0000
     310  1/17:21:46.0  00:02:24.0       2         4         1        -1      0.000      0     -4.506E-09   0.99411  -0.1084
     311  1/17:21:46.0  00:02:24.0       2         5         1        -1      0.000      0     -4.364E-09  -0.19596  -0.9806
     312  1/17:24:18.0  00:01:20.0      20         2         1        -1      0.000      0      0.000E+00   1.00000   0.0000
     313  1/17:24:18.0  00:01:20.0      20         4         1        -1      0.000      0     -4.471E-09  -0.99441  -0.1056
     314  1/17:24:18.0  00:01:20.0      20         5         1        -1      0.000      0     -5.384E-09  -0.43373   0.9010
     315  1/17:30:26.0  00:02:04.0      11         2         1        -1      0.000      0      0.000E+00   1.00000   0.0000
     316  1/17:30:26.0  00:02:04.0      11         4         1        -1      0.000      0     -4.123E-09   0.61534   0.7883
     317  1/17:30:26.0  00:02:04.0      11         5         1        -1      0.000      0     -3.976E-09   0.17339   0.9849
     318  1/17:30:26.0  00:02:04.0      11         6         1        -1      0.000      0     -2.283E-09   0.86792   0.4967
     319  1/17:33:27.0  00:02:02.0      62         2         1        -1      0.000      0      0.000E+00   1.00000   0.0000
     320  1/17:33:27.0  00:02:02.0      62         4         1        -1      0.000      0     -4.254E-09  -0.00207   1.0000
     321  1/17:33:27.0  00:02:02.0      62         5         1        -1      0.000      0     -3.927E-09   0.20497   0.9788
     322  1/17:33:27.0  00:02:02.0      62         6         1        -1      0.000      0     -2.433E-09   0.60876  -0.7934
     323  1/17:36:04.0  00:01:48.0      12         2         1        -1      0.000      0      0.000E+00   1.00000   0.0000
     324  1/17:36:04.0  00:01:48.0      12         4         1        -1      0.000      0     -4.312E-09   0.79310   0.6091
     325  1/17:36:04.0  00:01:48.0      12         5         1        -1      0.000      0     -4.359E-09  -0.80308  -0.5959
     326  1/17:38:40.0  00:01:36.0      13         2         1        -1      0.000      0      0.000E+00   1.00000   0.0000
     327  1/17:38:40.0  00:01:36.0      13         4         1        -1      0.000      0     -4.533E-09  -0.30445  -0.9525
     328  1/17:38:40.0  00:01:36.0      13         5         1        -1      0.000      0     -4.417E-09  -0.30533  -0.9522
     329  1/17:38:40.0  00:01:36.0      13         6         1        -1      0.000      0     -2.693E-09   0.87314  -0.4875
     330  1/17:40:42.0  00:01:34.0      63         2         1        -1      0.000      0      0.000E+00   1.00000   0.0000
     331  1/17:40:42.0  00:01:34.0      63         4         1        -1      0.000      0     -4.418E-09  -0.99489  -0.1010
     332  1/17:40:42.0  00:01:34.0      63         5         1        -1      0.000      0     -4.321E-09  -0.88727   0.4613
     333  1/17:40:42.0  00:01:34.0      63         6         1        -1      0.000      0     -2.612E-09  -0.47877  -0.8779
     334  1/17:43:04.0  00:01:50.0      64         2         1        -1      0.000      0      0.000E+00   1.00000   0.0000
     335  1/17:43:04.0  00:01:50.0      64         4         1        -1      0.000      0     -4.440E-09  -0.86167  -0.5075
     336  1/17:43:04.0  00:01:50.0      64         5         1        -1      0.000      0     -4.738E-09   0.94355  -0.3312
     337  1/17:43:04.0  00:01:50.0      64         6         1        -1      0.000      0     -2.477E-09  -0.96988  -0.2436
     338  1/17:45:36.0  00:01:46.0      65         2         1        -1      0.000      0      0.000E+00   1.00000   0.0000
     339  1/17:45:36.0  00:01:46.0      65         4         1        -1      0.000      0     -4.699E-09  -0.88094  -0.4732
     340  1/17:45:36.0  00:01:46.0      65         5         1        -1      0.000      0     -4.655E-09  -0.97012  -0.2426
     341  1/17:45:36.0  00:01:46.0      65         6         1        -1      0.000      0     -2.731E-09  -0.92638  -0.3766
     342  1/17:48:11.0  00:01:36.0      66         2         1        -1      0.000      0      0.000E+00   1.00000   0.0000
     343  1/17:48:11.0  00:01:36.0      66         4         1        -1      0.000      0     -5.210E-09  -0.54880   0.8360
     344  1/17:48:11.0  00:01:36.0      66         5         1        -1      0.000      0     -4.679E-09  -0.98900   0.1479
     345  1/17:50:17.0  00:01:24.0      67         2         1        -1      0.000      0      0.000E+00   1.00000   0.0000
     346  1/17:50:17.0  00:01:24.0      67         4         1        -1      0.000      0     -4.830E-09   0.56438  -0.8255
     347  1/17:50:17.0  00:01:24.0      67         5         1        -1      0.000      0     -4.918E-09   0.95803  -0.2867
     348  1/17:50:17.0  00:01:24.0      67         6         1        -1      0.000      0     -2.994E-09  -0.52776   0.8494
     349  1/17:52:59.0  00:01:58.0       3         2         1        -1      0.000      0      0.000E+00   1.00000   0.0000
     350  1/17:52:59.0  00:01:58.0       3         4         1        -1      0.000      0     -5.083E-09  -0.04447   0.9990
     351  1/17:52:59.0  00:01:58.0       3         5         1        -1      0.000      0     -5.867E-09   0.33922   0.9407
     352  1/17:57:34.0  00:00:50.0       4         2         1        -1      0.000      0      0.000E+00   1.00000   0.0000
     353  1/17:57:34.0  00:00:50.0       4         4         1        -1      0.000      0     -4.297E-09  -0.97803   0.2085
     354  1/17:57:34.0  00:00:50.0       4         5         1        -1      0.000      0     -4.218E-09  -0.67727  -0.7357
     355  1/17:59:12.0  00:01:32.0       6         2         1        -1      0.000      0      0.000E+00   1.00000   0.0000
     356  1/17:59:12.0  00:01:32.0       6         4         1        -1      0.000      0     -3.632E-09  -0.74537   0.6667
     357  1/17:59:12.0  00:01:32.0       6         5         1        -1      0.000      0     -4.050E-09   0.40923   0.9124
