       1  0/17:00:17.0  00:00:32.0       1         1         1        -1      0.000      0      5.467E-09  -0.70826  -0.70595
       2  0/17:00:17.0  00:00:32.0       1         6         1        -1      0.000      0      1.455E-08  -0.83824  -0.54530
       3  0/17:10:30.0  00:00:58.0       1         2         1        -1      0.000      0           INDE   1.00000   0.00000
       4  0/17:10:30.0  00:00:58.0       1         4         1        -1      0.000      0           INDE   1.00000   0.00000
       5  0/17:13:30.0  00:02:58.0       1         2         1        -1      0.000      0           INDE   1.00000   0.00000
       6  0/17:13:30.0  00:02:58.0       1         4         1        -1      0.000      0           INDE   1.00000   0.00000
       7  0/17:17:30.0  00:02:58.0       1         2         1        -1      0.000      0           INDE   1.00000   0.00000
       8  0/17:17:30.0  00:02:58.0       1         4         1        -1      0.000      0           INDE   1.00000   0.00000
       9  0/17:21:30.0  00:02:58.0       1         2         1        -1      0.000      0      0.000E+00   1.00000   0.00000
      10  0/17:21:30.0  00:02:58.0       1         4         1        -1      0.000      0      5.654E-09  -0.98153   0.19129
      11  0/17:25:30.0  00:02:58.0       1         2         1        -1      0.000      0      0.000E+00   1.00000   0.00000
      12  0/17:25:30.0  00:02:58.0       1         4         1        -1      0.000      0      1.127E-08  -0.96199  -0.27308
      13  0/17:29:30.0  00:02:58.0       1         2         1        -1      0.000      0      0.000E+00   1.00000   0.00000
      14  0/17:29:30.0  00:02:58.0       1         3         1        -1      0.000      0           INDE   1.00000   0.00000
      15  0/17:29:30.0  00:02:58.0       1         4         1        -1      0.000      0      1.411E-08   0.98912  -0.14710
      16  0/17:33:30.0  00:02:58.0       1         2         1        -1      0.000      0      0.000E+00   1.00000   0.00000
      17  0/17:33:30.0  00:02:58.0       1         3         1        -1      0.000      0           INDE   1.00000   0.00000
      18  0/17:33:30.0  00:02:58.0       1         4         1        -1      0.000      0      1.118E-08  -0.88509   0.46543
      19  0/17:37:30.0  00:02:58.0       1         2         1        -1      0.000      0      0.000E+00   1.00000   0.00000
      20  0/17:37:30.0  00:02:58.0       1         3         1        -1      0.000      0           INDE   1.00000   0.00000
      21  0/17:37:30.0  00:02:58.0       1         4         1        -1      0.000      0      1.001E-08  -0.81244   0.58305
      22  0/17:41:30.0  00:02:58.0       1         2         1        -1      0.000      0      0.000E+00   1.00000   0.00000
      23  0/17:41:30.0  00:02:58.0       1         3         1        -1      0.000      0           INDE   1.00000   0.00000
      24  0/17:41:30.0  00:02:58.0       1         4         1        -1      0.000      0      9.747E-09   0.99553  -0.09449
      25  0/17:45:30.0  00:02:58.0       1         2         1        -1      0.000      0      0.000E+00   1.00000   0.00000
      26  0/17:45:30.0  00:02:58.0       1         3         1        -1      0.000      0           INDE   1.00000   0.00000
      27  0/17:45:30.0  00:02:58.0       1         4         1        -1      0.000      0      8.637E-09  -0.41227  -0.91106
      28  0/17:49:30.0  00:02:58.0       1         2         1        -1      0.000      0      0.000E+00   1.00000   0.00000
      29  0/17:49:30.0  00:02:58.0       1         3         1        -1      0.000      0           INDE   1.00000   0.00000
      30  0/17:49:30.0  00:02:58.0       1         4         1        -1      0.000      0      8.590E-09   0.73692   0.67598
      31  0/18:01:00.0  00:01:58.0       2         1         1        -1      0.000      0      5.467E-09  -0.97840   0.20673
      32  0/18:01:00.0  00:01:58.0       2         2         1        -1      0.000      0      0.000E+00   1.00000   0.00000
      33  0/18:01:00.0  00:01:58.0       2         4         1        -1      0.000      0      9.431E-09  -0.94952   0.31370
      34  0/18:03:39.0  00:01:38.0       3         1         1        -1      0.000      0      4.297E-09   0.97716  -0.21248
      35  0/18:03:39.0  00:01:38.0       3         2         1        -1      0.000      0      0.000E+00   1.00000   0.00000
      36  0/18:03:39.0  00:01:38.0       3         4         1        -1      0.000      0      9.550E-09  -0.91359   0.40663
      37  0/18:08:33.0  00:01:52.0       4         1         1        -1      0.000      0      5.974E-09   0.18996  -0.98179
      38  0/18:08:33.0  00:01:52.0       4         2         1        -1      0.000      0      0.000E+00   1.00000   0.00000
      39  0/18:08:33.0  00:01:52.0       4         4         1        -1      0.000      0      1.134E-08   0.33911   0.94075
      40  0/18:11:03.0  00:01:50.0       5         1         1        -1      0.000      0      5.942E-09  -0.81343   0.58166
      41  0/18:11:03.0  00:01:50.0       5         2         1        -1      0.000      0      0.000E+00   1.00000   0.00000
      42  0/18:11:03.0  00:01:50.0       5         4         1        -1      0.000      0      1.127E-08   0.87303  -0.48767
      43  0/18:13:34.0  00:01:50.0       6         1         1        -1      0.000      0      6.106E-09  -0.95847   0.28519
      44  0/18:13:34.0  00:01:50.0       6         2         1        -1      0.000      0      0.000E+00   1.00000   0.00000
      45  0/18:13:34.0  00:01:50.0       6         4         1        -1      0.000      0      1.150E-08   0.98584   0.16770
      46  0/18:16:29.0  00:01:58.0       7         1         1        -1      0.000      0      3.627E-09  -0.23928   0.97095
      47  0/18:16:29.0  00:01:58.0       7         2         1        -1      0.000      0      0.000E+00   1.00000   0.00000
      48  0/18:16:29.0  00:01:58.0       7         4         1        -1      0.000      0      8.914E-09  -0.35212  -0.93596
      49  0/18:16:29.0  00:01:58.0       7         6         1        -1      0.000      0      8.907E-09   0.43288  -0.90145
      50  0/18:19:33.0  00:01:50.0       8         1         1        -1      0.000      0      3.443E-09   0.85790  -0.51382
      51  0/18:19:33.0  00:01:50.0       8         2         1        -1      0.000      0      0.000E+00   1.00000   0.00000
      52  0/18:19:33.0  00:01:50.0       8         4         1        -1      0.000      0      9.304E-09  -0.82209  -0.56935
      53  0/18:22:31.0  00:01:54.0       9         1         1        -1      0.000      0      3.661E-09   0.94477   0.32774
      54  0/18:22:31.0  00:01:54.0       9         2         1        -1      0.000      0      0.000E+00   1.00000   0.00000
      55  0/18:22:31.0  00:01:54.0       9         4         1        -1      0.000      0      8.547E-09  -0.71320  -0.70096
      56  0/18:22:31.0  00:01:54.0       9         6         1        -1      0.000      0      8.811E-09   0.92117   0.38915
      57  0/18:25:59.0  00:02:00.0      10         1         1        -1      0.000      0      7.975E-09   0.93617   0.35154
      58  0/18:25:59.0  00:02:00.0      10         2         1        -1      0.000      0      0.000E+00   1.00000   0.00000
      59  0/18:25:59.0  00:02:00.0      10         4         1        -1      0.000      0      1.265E-08  -0.45976  -0.88804
      60  0/18:25:59.0  00:02:00.0      10         6         1        -1      0.000      0      1.315E-08   0.96975   0.24411
      61  0/18:28:53.0  00:02:10.0      11         1         1        -1      0.000      0      8.079E-09  -0.37338  -0.92768
      62  0/18:28:53.0  00:02:10.0      11         2         1        -1      0.000      0      0.000E+00   1.00000   0.00000
      63  0/18:28:53.0  00:02:10.0      11         4         1        -1      0.000      0      1.228E-08  -0.74849  -0.66314
      64  0/18:28:53.0  00:02:10.0      11         6         1        -1      0.000      0      1.314E-08   0.38342   0.92357
      65  0/18:32:05.0  00:01:48.0      12         1         1        -1      0.000      0      5.613E-09   0.55170  -0.83405
      66  0/18:32:05.0  00:01:48.0      12         2         1        -1      0.000      0      0.000E+00   1.00000   0.00000
      67  0/18:32:05.0  00:01:48.0      12         4         1        -1      0.000      0      1.005E-08   0.47280  -0.88117
      68  0/18:34:55.0  00:02:08.0      13         1         1        -1      0.000      0      6.087E-09  -0.66628   0.74570
      69  0/18:34:55.0  00:02:08.0      13         2         1        -1      0.000      0      0.000E+00   1.00000   0.00000
      70  0/18:34:55.0  00:02:08.0      13         4         1        -1      0.000      0      9.965E-09   0.83856   0.54480
      71  0/18:34:55.0  00:02:08.0      13         6         1        -1      0.000      0      1.104E-08   0.18266   0.98318
      72  0/18:37:33.0  00:01:52.0      14         1         1        -1      0.000      0      6.074E-09  -0.72975   0.68371
      73  0/18:37:33.0  00:01:52.0      14         2         1        -1      0.000      0      0.000E+00   1.00000   0.00000
      74  0/18:37:33.0  00:01:52.0      14         4         1        -1      0.000      0      9.749E-09  -0.92868  -0.37088
      75  0/18:37:33.0  00:01:52.0      14         6         1        -1      0.000      0      1.099E-08  -0.81247   0.58300
      76  0/18:41:14.0  00:01:30.0      15         1         1        -1      0.000      0      4.507E-09   0.20369  -0.97904
      77  0/18:41:14.0  00:01:30.0      15         2         1        -1      0.000      0      0.000E+00   1.00000   0.00000
      78  0/18:43:30.0  00:02:58.0      17         1         1        -1      0.000      0      3.624E-09  -0.83359   0.55238
      79  0/18:43:30.0  00:02:58.0      17         2         1        -1      0.000      0      0.000E+00   1.00000   0.00000
      80  0/18:43:30.0  00:02:58.0      17         4         1        -1      0.000      0      9.274E-09   0.93472  -0.35538
      81  0/18:43:30.0  00:02:58.0      17         6         1        -1      0.000      0      8.406E-09   0.97696   0.21341
      82  1/01:18:33.0  00:02:50.0      17         1         1        -1      0.000      0      2.741E-09  -0.89348  -0.44911
      83  1/01:18:33.0  00:02:50.0      17         2         1        -1      0.000      0      0.000E+00   1.00000   0.00000
      84  1/01:18:33.0  00:02:50.0      17         3         1        -1      0.000      0           INDE   1.00000   0.00000
      85  1/01:18:33.0  00:02:50.0      17         4         1        -1      0.000      0      2.252E-09   0.65949  -0.75172
      86  1/01:18:33.0  00:02:50.0      17         5         1        -1      0.000      0      9.247E-09   0.99047  -0.13773
      87  1/01:21:44.0  00:02:30.0      18         1         1        -1      0.000      0      2.741E-09  -0.90475   0.42594
      88  1/01:21:44.0  00:02:30.0      18         2         1        -1      0.000      0      0.000E+00   1.00000   0.00000
      89  1/01:21:44.0  00:02:30.0      18         3         1        -1      0.000      0           INDE   1.00000   0.00000
      90  1/01:21:44.0  00:02:30.0      18         4         1        -1      0.000      0      7.469E-09  -0.79540  -0.60608
      91  1/01:21:44.0  00:02:30.0      18         5         1        -1      0.000      0      9.201E-09  -0.93783  -0.34709
      92  1/01:24:47.0  00:02:22.0       2         1         1        -1      0.000      0      2.613E-09   0.43538   0.90025
      93  1/01:24:47.0  00:02:22.0       2         2         1        -1      0.000      0      0.000E+00   1.00000   0.00000
      94  1/01:24:47.0  00:02:22.0       2         3         1        -1      0.000      0           INDE   1.00000   0.00000
      95  1/01:24:47.0  00:02:22.0       2         4         1        -1      0.000      0      1.031E-08   0.15442  -0.98801
      96  1/01:24:47.0  00:02:22.0       2         5         1        -1      0.000      0      9.056E-09   0.40657   0.91362
      97  1/01:27:26.0  00:01:40.0      19         1         1        -1      0.000      0      2.572E-09  -0.98581   0.16787
      98  1/01:27:26.0  00:01:40.0      19         3         1        -1      0.000      0           INDE  -0.98581   0.16787
      99  1/01:27:26.0  00:01:40.0      19         4         1        -1      0.000      0      1.265E-08   0.80816   0.58897
     100  1/01:27:26.0  00:01:40.0      19         5         1        -1      0.000      0      1.180E-08  -0.55792  -0.82989
     101  1/01:29:08.0  00:01:40.0      19         1         1        -1      0.000      0      2.547E-09  -0.88649  -0.46274
     102  1/01:29:08.0  00:01:40.0      19         3         1        -1      0.000      0           INDE  -0.88649  -0.46274
     103  1/01:29:08.0  00:01:40.0      19         4         1        -1      0.000      0      1.256E-08  -0.18407  -0.98291
     104  1/01:29:08.0  00:01:40.0      19         5         1        -1      0.000      0      8.806E-09  -0.70848   0.70573
     105  1/01:31:53.0  00:02:12.0      20         1         1        -1      0.000      0      2.505E-09  -0.80172  -0.59771
     106  1/01:31:53.0  00:02:12.0      20         3         1        -1      0.000      0           INDE  -0.80172  -0.59771
     107  1/01:31:53.0  00:02:12.0      20         4         1        -1      0.000      0      1.296E-08  -0.50554  -0.86280
     108  1/01:31:53.0  00:02:12.0      20         5         1        -1      0.000      0      1.173E-08   0.73342   0.67978
     109  1/01:31:53.0  00:02:12.0      20         6         1        -1      0.000      0      9.494E-09   0.94203   0.33553
     110  1/01:34:52.0  00:02:14.0      21         1         1        -1      0.000      0      2.459E-09  -0.90806   0.41883
     111  1/01:34:52.0  00:02:14.0      21         2         1        -1      0.000      0      0.000E+00   1.00000   0.00000
     112  1/01:34:52.0  00:02:14.0      21         4         1        -1      0.000      0      9.349E-09  -0.98593   0.16717
     113  1/01:34:52.0  00:02:14.0      21         5         1        -1      0.000      0      8.649E-09  -0.06918   0.99760
     114  1/01:38:25.0  00:01:08.0      22         1         1        -1      0.000      0      2.711E-09  -0.87190  -0.48969
     115  1/01:38:25.0  00:01:08.0      22         2         1        -1      0.000      0      0.000E+00   1.00000   0.00000
     116  1/01:38:25.0  00:01:08.0      22         4         1        -1      0.000      0      1.075E-08   0.92870   0.37082
     117  1/01:38:25.0  00:01:08.0      22         5         1        -1      0.000      0      8.911E-09  -0.78744  -0.61639
     118  1/01:38:25.0  00:01:08.0      22         6         1        -1      0.000      0      9.772E-09  -0.96484  -0.26282
     119  1/01:41:36.0  00:02:46.0      23         1         1        -1      0.000      0      2.288E-09  -0.88252  -0.47028
     120  1/01:41:36.0  00:02:46.0      23         2         1        -1      0.000      0      0.000E+00   1.00000   0.00000
     121  1/01:41:36.0  00:02:46.0      23         4         1        -1      0.000      0      9.482E-09  -0.96839   0.24944
     122  1/01:41:36.0  00:02:46.0      23         5         1        -1      0.000      0      8.394E-09   0.99313   0.11701
     123  1/01:45:03.0  00:01:54.0      24         2         1        -1      0.000      0      0.000E+00   1.00000   0.00000
     124  1/01:45:03.0  00:01:54.0      24         4         1        -1      0.000      0      8.870E-09  -0.67427  -0.73848
     125  1/01:47:00.0  00:01:56.0      24         2         1        -1      0.000      0      0.000E+00   1.00000   0.00000
     126  1/01:47:00.0  00:01:56.0      24         4         1        -1      0.000      0      8.812E-09  -0.92214   0.38685
     127  1/01:49:41.0  00:02:36.0      25         2         1        -1      0.000      0      0.000E+00   1.00000   0.00000
     128  1/01:49:41.0  00:02:36.0      25         4         1        -1      0.000      0      8.748E-09   0.73750  -0.67534
     129  1/01:52:45.0  00:02:28.0      26         1         1        -1      0.000      0      5.127E-09   0.99997   0.00753
     130  1/01:52:45.0  00:02:28.0      26         2         1        -1      0.000      0      0.000E+00   1.00000   0.00000
     131  1/01:52:45.0  00:02:28.0      26         5         1        -1      0.000      0      7.993E-09  -0.92272  -0.38546
     132  1/01:55:34.0  00:02:48.0      27         1         1        -1      0.000      0      5.108E-09   0.14015  -0.99013
     133  1/01:55:34.0  00:02:48.0      27         2         1        -1      0.000      0      0.000E+00   1.00000   0.00000
     134  1/01:55:34.0  00:02:48.0      27         5         1        -1      0.000      0      1.084E-08   0.74402  -0.66815
     135  1/01:58:37.0  00:02:44.0      28         1         1        -1      0.000      0      5.072E-09   0.84982   0.52707
     136  1/01:58:37.0  00:02:44.0      28         2         1        -1      0.000      0      0.000E+00   1.00000   0.00000
     137  1/01:58:37.0  00:02:44.0      28         4         1        -1      0.000      0      1.144E-08  -0.91461  -0.40433
     138  1/01:58:37.0  00:02:44.0      28         5         1        -1      0.000      0      1.075E-08   0.12251  -0.99247
     139  1/05:34:42.0  00:01:30.0      29         1         1        -1      0.000      0      3.251E-09   0.85343   0.52120
     140  1/05:34:42.0  00:01:30.0      29         2         1        -1      0.000      0      0.000E+00   1.00000   0.00000
     141  1/05:34:42.0  00:01:30.0      29         5         1        -1      0.000      0      8.653E-09   0.55668   0.83073
     142  1/05:36:14.0  00:01:30.0      29         1         1        -1      0.000      0      3.267E-09   0.89063   0.45474
     143  1/05:36:14.0  00:01:30.0      29         2         1        -1      0.000      0      0.000E+00   1.00000   0.00000
     144  1/05:36:14.0  00:01:30.0      29         5         1        -1      0.000      0      5.722E-09   0.95839   0.28548
     145  1/05:38:07.0  00:01:44.0      30         1         1        -1      0.000      0      3.293E-09   0.20090   0.97961
     146  1/05:38:07.0  00:01:44.0      30         2         1        -1      0.000      0      0.000E+00   1.00000   0.00000
     147  1/05:38:07.0  00:01:44.0      30         5         1        -1      0.000      0      1.154E-08  -0.80564   0.59241
     148  1/05:40:30.0  00:02:58.0      41         1         1        -1      0.000      0      3.313E-09   0.94172   0.33639
     149  1/05:40:30.0  00:02:58.0      41         2         1        -1      0.000      0      0.000E+00   1.00000   0.00000
     150  1/05:40:30.0  00:02:58.0      41         4         1        -1      0.000      0      1.195E-08   0.92524  -0.37938
     151  1/05:40:30.0  00:02:58.0      41         5         1        -1      0.000      0      1.174E-08  -0.70443  -0.70977
     152  1/05:40:30.0  00:02:58.0      41         6         1        -1      0.000      0      8.277E-09  -0.07389  -0.99727
     153  1/05:43:48.0  00:02:20.0      31         1         1        -1      0.000      0      3.224E-09   0.61074   0.79183
     154  1/05:43:48.0  00:02:20.0      31         2         1        -1      0.000      0      0.000E+00   1.00000   0.00000
     155  1/05:43:48.0  00:02:20.0      31         4         1        -1      0.000      0      1.152E-08  -0.11452   0.99342
     156  1/05:43:48.0  00:02:20.0      31         5         1        -1      0.000      0      1.155E-08   0.82114  -0.57073
     157  1/05:43:48.0  00:02:20.0      31         6         1        -1      0.000      0      8.145E-09  -0.97820  -0.20768
     158  1/05:47:45.0  00:01:28.0      32         1         1        -1      0.000      0      6.065E-09   0.32308  -0.94637
     159  1/05:47:45.0  00:01:28.0      32         2         1        -1      0.000      0      0.000E+00   1.00000   0.00000
     160  1/05:47:45.0  00:01:28.0      32         4         1        -1      0.000      0      1.325E-08   0.10282   0.99470
     161  1/05:47:45.0  00:01:28.0      32         5         1        -1      0.000      0      1.706E-08  -0.91956   0.39295
     162  1/05:49:57.0  00:02:04.0      33         1         1        -1      0.000      0      3.037E-09  -0.66462   0.74719
     163  1/05:49:57.0  00:02:04.0      33         2         1        -1      0.000      0      0.000E+00   1.00000   0.00000
     164  1/05:49:57.0  00:02:04.0      33         4         1        -1      0.000      0      1.017E-08  -0.88633  -0.46305
     165  1/05:49:57.0  00:02:04.0      33         5         1        -1      0.000      0      1.107E-08  -0.89845  -0.43907
     166  1/05:49:57.0  00:02:04.0      33         6         1        -1      0.000      0      7.745E-09   0.63762  -0.77035
     167  1/05:52:44.0  00:02:30.0      34         1         1        -1      0.000      0      2.879E-09  -0.91025   0.41406
     168  1/05:52:44.0  00:02:30.0      34         2         1        -1      0.000      0      0.000E+00   1.00000   0.00000
     169  1/05:52:44.0  00:02:30.0      34         4         1        -1      0.000      0      9.770E-09   0.53701   0.84358
     170  1/05:52:44.0  00:02:30.0      34         5         1        -1      0.000      0      1.080E-08   0.62693   0.77908
     171  1/05:55:42.0  00:02:34.0      35         1         1        -1      0.000      0      2.605E-09  -0.89362  -0.44882
     172  1/05:55:42.0  00:02:34.0      35         2         1        -1      0.000      0      0.000E+00   1.00000   0.00000
     173  1/05:55:42.0  00:02:34.0      35         4         1        -1      0.000      0      9.479E-09   0.94018  -0.34067
     174  1/05:55:42.0  00:02:34.0      35         5         1        -1      0.000      0      1.048E-08  -0.48772  -0.87300
     175  1/05:59:04.0  00:01:50.0      36         1         1        -1      0.000      0      2.977E-09  -0.62714  -0.77891
     176  1/05:59:04.0  00:01:50.0      36         4         1        -1      0.000      0      1.043E-08   0.95816   0.28625
     177  1/06:01:09.0  00:01:32.0      37         2         1        -1      0.000      0      0.000E+00   1.00000   0.00000
     178  1/06:01:09.0  00:01:32.0      37         5         1        -1      0.000      0      1.130E-08  -0.85763   0.51427
     179  1/06:02:43.0  00:01:32.0      37         1         1        -1      0.000      0      3.381E-09   0.86223  -0.50651
     180  1/06:02:43.0  00:01:32.0      37         2         1        -1      0.000      0      0.000E+00   1.00000   0.00000
     181  1/06:02:43.0  00:01:32.0      37         5         1        -1      0.000      0      1.127E-08   0.73382   0.67935
     182  1/06:05:01.0  00:01:56.0      38         1         1        -1      0.000      0      3.227E-09  -0.64281   0.76602
     183  1/06:05:01.0  00:01:56.0      38         2         1        -1      0.000      0      0.000E+00   1.00000   0.00000
     184  1/06:05:01.0  00:01:56.0      38         5         1        -1      0.000      0      1.120E-08  -0.83207  -0.55467
     185  1/06:07:30.0  00:02:58.0      42         1         1        -1      0.000      0      3.182E-09  -0.88477   0.46602
     186  1/06:07:30.0  00:02:58.0      42         2         1        -1      0.000      0      0.000E+00   1.00000   0.00000
     187  1/06:07:30.0  00:02:58.0      42         4         1        -1      0.000      0      8.676E-09   0.68360  -0.72986
     188  1/06:07:30.0  00:02:58.0      42         5         1        -1      0.000      0      8.207E-09   0.97858  -0.20585
     189  1/06:07:30.0  00:02:58.0      42         6         1        -1      0.000      0      7.844E-09   0.87975  -0.47544
     190  1/06:10:48.0  00:02:20.0      39         1         1        -1      0.000      0      3.204E-09   0.94070   0.33924
     191  1/06:10:48.0  00:02:20.0      39         2         1        -1      0.000      0      0.000E+00   1.00000   0.00000
     192  1/06:10:48.0  00:02:20.0      39         4         1        -1      0.000      0      8.283E-09   0.85363   0.52087
     193  1/06:10:48.0  00:02:20.0      39         5         1        -1      0.000      0      1.106E-08   0.63366  -0.77361
     194  1/06:14:11.0  00:01:34.0      40         1         1        -1      0.000      0      6.023E-09   0.35027   0.93665
     195  1/06:14:11.0  00:01:34.0      40         2         1        -1      0.000      0      0.000E+00   1.00000   0.00000
     196  1/06:14:11.0  00:01:34.0      40         4         1        -1      0.000      0      1.199E-08   0.98091  -0.19448
     197  1/06:14:11.0  00:01:34.0      40         5         1        -1      0.000      0      1.394E-08  -0.04867   0.99881
     198  1/06:14:11.0  00:01:34.0      40         6         1        -1      0.000      0      1.080E-08  -0.23572   0.97182
     199  1/09:21:10.0  00:00:38.0      43         1         1        -1      0.000      0      1.336E-09  -0.75029  -0.66111
     200  1/09:21:10.0  00:00:38.0      43         2         1        -1      0.000      0      0.000E+00   1.00000   0.00000
     201  1/09:21:10.0  00:00:38.0      43         4         1        -1      0.000      0      8.143E-09  -0.35626  -0.93439
     202  1/09:21:10.0  00:00:38.0      43         5         1        -1      0.000      0           INDE   1.00000   0.00000
     203  1/09:23:43.0  00:01:32.0      44         1         1        -1      0.000      0      1.223E-09  -0.77383   0.63339
     204  1/09:23:43.0  00:01:32.0      44         2         1        -1      0.000      0      0.000E+00   1.00000   0.00000
     205  1/09:23:43.0  00:01:32.0      44         4         1        -1      0.000      0      4.668E-09   0.58763   0.80913
     206  1/09:23:43.0  00:01:32.0      44         5         1        -1      0.000      0      7.126E-09  -0.26192  -0.96509
     207  1/09:27:17.0  00:01:22.0      40         1         1        -1      0.000      0      1.576E-09   0.12787  -0.99179
     208  1/09:27:17.0  00:01:22.0      40         2         1        -1      0.000      0      0.000E+00   1.00000   0.00000
     209  1/09:27:17.0  00:01:22.0      40         3         1        -1      0.000      0           INDE   1.00000   0.00000
     210  1/09:27:17.0  00:01:22.0      40         4         1        -1      0.000      0      3.733E-09  -0.99858  -0.05334
     211  1/09:27:17.0  00:01:22.0      40         5         1        -1      0.000      0      4.544E-09  -0.84295  -0.53798
     212  1/09:29:49.0  00:02:18.0      45         1         1        -1      0.000      0      1.273E-09  -0.79260  -0.60974
     213  1/09:29:49.0  00:02:18.0      45         2         1        -1      0.000      0      0.000E+00   1.00000   0.00000
     214  1/09:29:49.0  00:02:18.0      45         3         1        -1      0.000      0           INDE   1.00000   0.00000
     215  1/09:29:49.0  00:02:18.0      45         4         1        -1      0.000      0      5.722E-09  -0.78084  -0.62473
     216  1/09:29:49.0  00:02:18.0      45         5         1        -1      0.000      0      4.429E-09  -0.26243  -0.96495
     217  1/09:32:32.0  00:01:52.0      46         1         1        -1      0.000      0      1.087E-09  -0.83578  -0.54907
     218  1/09:32:32.0  00:01:52.0      46         2         1        -1      0.000      0      0.000E+00   1.00000   0.00000
     219  1/09:32:32.0  00:01:52.0      46         3         1        -1      0.000      0           INDE   1.00000   0.00000
     220  1/09:32:32.0  00:01:52.0      46         4         1        -1      0.000      0      4.915E-09   0.62610  -0.77974
     221  1/09:32:32.0  00:01:52.0      46         5         1        -1      0.000      0      4.236E-09   0.89289   0.45027
     222  1/09:35:24.0  00:02:10.0      47         1         1        -1      0.000      0     -1.850E-09  -0.02695   0.99964
     223  1/09:35:24.0  00:02:10.0      47         2         1        -1      0.000      0      0.000E+00   1.00000   0.00000
     224  1/09:35:24.0  00:02:10.0      47         3         1        -1      0.000      0           INDE   1.00000   0.00000
     225  1/09:35:24.0  00:02:10.0      47         4         1        -1      0.000      0     -1.659E-10  -0.99982  -0.01917
     226  1/09:35:24.0  00:02:10.0      47         5         1        -1      0.000      0      1.408E-09   0.72716   0.68647
     227  1/09:35:24.0  00:02:10.0      47         6         1        -1      0.000      0     -3.870E-10  -0.04907   0.99880
     228  1/09:38:01.0  00:01:56.0      48         1         1        -1      0.000      0      9.776E-10  -0.19214   0.98137
     229  1/09:38:01.0  00:01:56.0      48         2         1        -1      0.000      0      0.000E+00   1.00000   0.00000
     230  1/09:38:01.0  00:01:56.0      48         3         1        -1      0.000      0           INDE   1.00000   0.00000
     231  1/09:38:01.0  00:01:56.0      48         4         1        -1      0.000      0      5.204E-09   0.99946   0.03281
     232  1/09:38:01.0  00:01:56.0      48         5         1        -1      0.000      0      4.182E-09   0.54900  -0.83582
     233  1/09:38:01.0  00:01:56.0      48         6         1        -1      0.000      0           INDE   1.00000   0.00000
     234  1/09:40:07.0  00:01:32.0      49         1         1        -1      0.000      0      1.039E-09   0.51753   0.85566
     235  1/09:40:07.0  00:01:32.0      49         2         1        -1      0.000      0      0.000E+00   1.00000   0.00000
     236  1/09:40:07.0  00:01:32.0      49         3         1        -1      0.000      0           INDE   1.00000   0.00000
     237  1/09:40:07.0  00:01:32.0      49         4         1        -1      0.000      0      4.920E-09  -0.56920  -0.82220
     238  1/09:40:07.0  00:01:32.0      49         5         1        -1      0.000      0      4.106E-09  -0.58371   0.81196
     239  1/09:41:42.0  00:01:34.0      49         1         1        -1      0.000      0      1.124E-09   0.30441   0.95254
     240  1/09:41:42.0  00:01:34.0      49         2         1        -1      0.000      0      0.000E+00   1.00000   0.00000
     241  1/09:41:42.0  00:01:34.0      49         4         1        -1      0.000      0      4.898E-09  -0.83732   0.54671
     242  1/09:41:42.0  00:01:34.0      49         5         1        -1      0.000      0      4.080E-09   0.55439   0.83226
     243  1/09:44:02.0  00:01:52.0      50         1         1        -1      0.000      0      1.132E-09   0.93328   0.35915
     244  1/09:44:02.0  00:01:52.0      50         2         1        -1      0.000      0      0.000E+00   1.00000   0.00000
     245  1/09:44:02.0  00:01:52.0      50         4         1        -1      0.000      0      4.478E-09   0.82012  -0.57220
     246  1/09:44:02.0  00:01:52.0      50         5         1        -1      0.000      0      3.897E-09  -0.70140   0.71277
     247  1/09:46:59.0  00:01:58.0      32         1         1        -1      0.000      0      1.067E-09  -0.54889   0.83589
     248  1/09:46:59.0  00:01:58.0      32         2         1        -1      0.000      0      0.000E+00   1.00000   0.00000
     249  1/09:46:59.0  00:01:58.0      32         4         1        -1      0.000      0      4.346E-09  -0.97091   0.23945
     250  1/09:46:59.0  00:01:58.0      32         5         1        -1      0.000      0      3.826E-09  -0.97317  -0.23008
     251  1/09:49:28.0  00:02:02.0      51         1         1        -1      0.000      0      1.049E-09   0.91524   0.40292
     252  1/09:49:28.0  00:02:02.0      51         2         1        -1      0.000      0      0.000E+00   1.00000   0.00000
     253  1/09:49:28.0  00:02:02.0      51         4         1        -1      0.000      0      4.129E-09   0.70547  -0.70874
     254  1/09:49:28.0  00:02:02.0      51         5         1        -1      0.000      0      3.749E-09   0.78130  -0.62415
     255  1/09:49:28.0  00:02:02.0      51         6         1        -1      0.000      0           INDE   1.00000   0.00000
     256  1/09:54:14.0  00:01:30.0      52         1         1        -1      0.000      0      9.342E-10   0.98612   0.16606
     257  1/09:54:14.0  00:01:30.0      52         2         1        -1      0.000      0      0.000E+00   1.00000   0.00000
     258  1/09:54:14.0  00:01:30.0      52         4         1        -1      0.000      0      5.140E-09  -0.99647  -0.08400
     259  1/09:54:14.0  00:01:30.0      52         5         1        -1      0.000      0      3.440E-09  -0.99677  -0.08026
     260  1/09:56:30.0  00:01:58.0      53         1         1        -1      0.000      0      4.992E-10   0.99938  -0.03516
     261  1/09:56:30.0  00:01:58.0      53         2         1        -1      0.000      0      0.000E+00   1.00000   0.00000
     262  1/09:56:30.0  00:01:58.0      53         4         1        -1      0.000      0      5.204E-09  -0.76242   0.64708
     263  1/09:56:30.0  00:01:58.0      53         5         1        -1      0.000      0      2.987E-09   0.86888   0.49502
     264  1/09:58:59.0  00:01:58.0       5         1         1        -1      0.000      0      4.952E-10  -0.12810   0.99176
     265  1/09:58:59.0  00:01:58.0       5         4         1        -1      0.000      0      2.804E-09   0.91406  -0.40558
     266  1/09:58:59.0  00:01:58.0       5         5         1        -1      0.000      0      2.972E-09  -0.07423  -0.99724
     267  1/13:35:03.0  00:01:50.0      54         1         1        -1      0.000      0      1.509E-10  -0.83980   0.54290
     268  1/13:35:03.0  00:01:50.0      54         2         1        -1      0.000      0      0.000E+00   1.00000   0.00000
     269  1/13:35:03.0  00:01:50.0      54         4         1        -1      0.000      0     -6.052E-11  -0.12902   0.99164
     270  1/13:35:03.0  00:01:50.0      54         5         1        -1      0.000      0      2.009E-10   0.51801  -0.85538
     271  1/13:41:02.0  00:01:52.0      56         1         1        -1      0.000      0      1.797E-10   0.99491   0.10081
     272  1/13:41:02.0  00:01:52.0      56         4         1        -1      0.000      0      6.659E-10  -0.99761  -0.06914
     273  1/13:41:02.0  00:01:52.0      56         5         1        -1      0.000      0      8.015E-12   0.96994   0.24334
     274  1/13:45:13.0  00:01:32.0      57         1         1        -1      0.000      0      1.999E-10  -0.19663  -0.98048
     275  1/13:45:13.0  00:01:32.0      57         2         1        -1      0.000      0      0.000E+00   1.00000   0.00000
     276  1/13:45:13.0  00:01:32.0      57         4         1        -1      0.000      0      1.291E-09   0.65981   0.75143
     277  1/13:45:13.0  00:01:32.0      57         5         1        -1      0.000      0      1.976E-10  -0.14799  -0.98899
     278  1/13:47:55.0  00:02:08.0      58         1         1        -1      0.000      0      3.935E-11   0.99987  -0.01640
     279  1/13:47:55.0  00:02:08.0      58         2         1        -1      0.000      0      0.000E+00   1.00000   0.00000
     280  1/13:47:55.0  00:02:08.0      58         4         1        -1      0.000      0      8.656E-10   0.17039   0.98538
     281  1/13:47:55.0  00:02:08.0      58         5         1        -1      0.000      0     -7.352E-11  -0.37506   0.92700
     282  1/13:51:28.0  00:02:00.0      52         1         1        -1      0.000      0     -2.326E-10  -0.47958  -0.87750
     283  1/13:51:28.0  00:02:00.0      52         2         1        -1      0.000      0      0.000E+00   1.00000   0.00000
     284  1/13:51:28.0  00:02:00.0      52         4         1        -1      0.000      0      3.262E-09  -0.99702   0.07717
     285  1/13:51:28.0  00:02:00.0      52         5         1        -1      0.000      0     -2.899E-10   0.04409   0.99903
     286  1/13:51:28.0  00:02:00.0      52         6         1        -1      0.000      0     -7.145E-11   0.17513  -0.98455
     287  1/13:54:30.0  00:01:58.0      59         1         1        -1      0.000      0      4.600E-11  -0.72724   0.68638
     288  1/13:54:30.0  00:01:58.0      59         2         1        -1      0.000      0      0.000E+00   1.00000   0.00000
     289  1/13:54:30.0  00:01:58.0      59         4         1        -1      0.000      0      4.425E-10  -0.16745  -0.98588
     290  1/13:54:30.0  00:01:58.0      59         5         1        -1      0.000      0     -1.434E-10  -0.31110   0.95038
     291  1/13:54:30.0  00:01:58.0      59         6         1        -1      0.000      0      1.764E-11   0.60870  -0.79340
     292  1/13:56:34.0  00:01:50.0       5         1         1        -1      0.000      0      4.297E-11   0.00951   0.99995
     293  1/13:56:34.0  00:01:50.0       5         2         1        -1      0.000      0      0.000E+00   1.00000   0.00000
     294  1/13:56:34.0  00:01:50.0       5         4         1        -1      0.000      0      3.785E-10  -0.85430   0.51979
     295  1/13:56:34.0  00:01:50.0       5         5         1        -1      0.000      0     -1.671E-10   0.99998   0.00594
     296  1/13:56:34.0  00:01:50.0       5         6         1        -1      0.000      0      3.523E-12  -0.68927  -0.72450
     297  1/13:59:27.0  00:02:04.0      60         1         1        -1      0.000      0      3.179E-11  -0.33690  -0.94154
     298  1/13:59:27.0  00:02:04.0      60         2         1        -1      0.000      0      0.000E+00   1.00000   0.00000
     299  1/13:59:27.0  00:02:04.0      60         4         1        -1      0.000      0      4.619E-10   0.99189   0.12713
     300  1/13:59:27.0  00:02:04.0      60         5         1        -1      0.000      0     -3.012E-10   0.80378  -0.59492
     301  1/13:59:27.0  00:02:04.0      60         6         1        -1      0.000      0     -1.338E-10   0.81762   0.57576
     302  1/14:02:36.0  00:01:46.0       7         1         1        -1      0.000      0      6.239E-11   0.18946   0.98189
     303  1/14:02:36.0  00:01:46.0       7         2         1        -1      0.000      0      0.000E+00   1.00000   0.00000
     304  1/14:02:36.0  00:01:46.0       7         4         1        -1      0.000      0      2.692E-11   0.90038   0.43511
     305  1/14:02:36.0  00:01:46.0       7         5         1        -1      0.000      0     -2.615E-10  -0.69860   0.71551
     306  1/14:02:36.0  00:01:46.0       7         6         1        -1      0.000      0     -7.841E-12  -0.98990   0.14174
     307  1/14:05:03.0  00:01:52.0       9         1         1        -1      0.000      0      1.117E-10   0.52152  -0.85324
     308  1/14:05:03.0  00:01:52.0       9         2         1        -1      0.000      0      0.000E+00   1.00000   0.00000
     309  1/14:05:03.0  00:01:52.0       9         4         1        -1      0.000      0     -2.840E-11  -0.93032  -0.36675
     310  1/14:05:03.0  00:01:52.0       9         5         1        -1      0.000      0     -3.042E-10  -0.97649  -0.21557
     311  1/14:05:03.0  00:01:52.0       9         6         1        -1      0.000      0     -5.940E-11  -0.10495  -0.99448
     312  1/14:08:05.0  00:01:48.0      10         1         1        -1      0.000      0      1.799E-10  -0.23750   0.97139
     313  1/14:08:05.0  00:01:48.0      10         2         1        -1      0.000      0      0.000E+00   1.00000   0.00000
     314  1/14:08:05.0  00:01:48.0      10         4         1        -1      0.000      0     -6.660E-10   0.47200   0.88160
     315  1/14:08:05.0  00:01:48.0      10         5         1        -1      0.000      0     -3.426E-10   0.37509   0.92699
     316  1/14:08:05.0  00:01:48.0      10         6         1        -1      0.000      0     -2.834E-11   0.77045  -0.63750
     317  1/14:10:53.0  00:02:10.0      11         1         1        -1      0.000      0     -1.244E-10   0.98159  -0.19099
     318  1/14:10:53.0  00:02:10.0      11         2         1        -1      0.000      0      0.000E+00   1.00000   0.00000
     319  1/14:10:53.0  00:02:10.0      11         4         1        -1      0.000      0     -5.796E-10  -0.53981   0.84178
     320  1/14:10:53.0  00:02:10.0      11         5         1        -1      0.000      0     -7.893E-10   0.58502   0.81102
     321  1/14:13:52.0  00:02:14.0      61         1         1        -1      0.000      0     -1.244E-10   0.94352   0.33132
     322  1/14:13:52.0  00:02:14.0      61         4         1        -1      0.000      0     -7.565E-11   0.71996   0.69402
     323  1/14:13:52.0  00:02:14.0      61         5         1        -1      0.000      0     -9.491E-10  -0.99176   0.12810
     324  1/17:19:22.0  00:01:12.0      18         2         1        -1      0.000      0      0.000E+00   1.00000   0.00000
     325  1/17:19:22.0  00:01:12.0      18         4         1        -1      0.000      0     -4.204E-10   0.20904   0.97791
     326  1/17:19:22.0  00:01:12.0      18         5         1        -1      0.000      0     -4.266E-09   0.33119  -0.94356
     327  1/17:21:46.0  00:02:24.0       2         2         1        -1      0.000      0      0.000E+00   1.00000   0.00000
     328  1/17:21:46.0  00:02:24.0       2         4         1        -1      0.000      0     -3.575E-09   0.98106  -0.19368
     329  1/17:21:46.0  00:02:24.0       2         5         1        -1      0.000      0     -4.426E-09  -0.18436  -0.98286
     330  1/17:24:18.0  00:01:20.0      20         2         1        -1      0.000      0      0.000E+00   1.00000   0.00000
     331  1/17:24:18.0  00:01:20.0      20         4         1        -1      0.000      0     -4.193E-09  -0.99587  -0.09083
     332  1/17:24:18.0  00:01:20.0      20         5         1        -1      0.000      0     -4.895E-09  -0.39474   0.91879
     333  1/17:30:26.0  00:02:04.0      11         2         1        -1      0.000      0      0.000E+00   1.00000   0.00000
     334  1/17:30:26.0  00:02:04.0      11         4         1        -1      0.000      0     -2.979E-09   0.69306   0.72088
     335  1/17:30:26.0  00:02:04.0      11         5         1        -1      0.000      0     -4.249E-09   0.14272   0.98976
     336  1/17:30:26.0  00:02:04.0      11         6         1        -1      0.000      0     -2.388E-09   0.85753   0.51444
     337  1/17:33:27.0  00:02:02.0      62         2         1        -1      0.000      0      0.000E+00   1.00000   0.00000
     338  1/17:33:27.0  00:02:02.0      62         4         1        -1      0.000      0     -5.886E-09  -0.16524   0.98625
     339  1/17:33:27.0  00:02:02.0      62         5         1        -1      0.000      0     -4.337E-09   0.15507   0.98790
     340  1/17:33:27.0  00:02:02.0      62         6         1        -1      0.000      0     -2.532E-09   0.62659  -0.77935
     341  1/17:36:04.0  00:01:48.0      12         2         1        -1      0.000      0      0.000E+00   1.00000   0.00000
     342  1/17:36:04.0  00:01:48.0      12         4         1        -1      0.000      0     -8.620E-09   0.47374   0.88066
     343  1/17:36:04.0  00:01:48.0      12         5         1        -1      0.000      0     -4.535E-09  -0.79035  -0.61265
     344  1/17:38:40.0  00:01:36.0      13         2         1        -1      0.000      0      0.000E+00   1.00000   0.00000
     345  1/17:38:40.0  00:01:36.0      13         4         1        -1      0.000      0     -3.304E-09  -0.41066  -0.91179
     346  1/17:38:40.0  00:01:36.0      13         5         1        -1      0.000      0     -4.417E-09  -0.30288  -0.95303
     347  1/17:38:40.0  00:01:36.0      13         6         1        -1      0.000      0     -2.557E-09   0.86975  -0.49350
     348  1/17:40:42.0  00:01:34.0      63         2         1        -1      0.000      0      0.000E+00   1.00000   0.00000
     349  1/17:40:42.0  00:01:34.0      63         4         1        -1      0.000      0     -3.327E-09  -1.00000  -0.00120
     350  1/17:40:42.0  00:01:34.0      63         5         1        -1      0.000      0     -4.530E-09  -0.89876   0.43843
     351  1/17:40:42.0  00:01:34.0      63         6         1        -1      0.000      0     -2.634E-09  -0.47114  -0.88206
     352  1/17:43:04.0  00:01:50.0      64         2         1        -1      0.000      0      0.000E+00   1.00000   0.00000
     353  1/17:43:04.0  00:01:50.0      64         4         1        -1      0.000      0     -3.529E-09  -0.89925  -0.43744
     354  1/17:43:04.0  00:01:50.0      64         5         1        -1      0.000      0     -4.536E-09   0.93923  -0.34329
     355  1/17:43:04.0  00:01:50.0      64         6         1        -1      0.000      0     -2.582E-09  -0.96480  -0.26298
     356  1/17:45:36.0  00:01:46.0      65         2         1        -1      0.000      0      0.000E+00   1.00000   0.00000
     357  1/17:45:36.0  00:01:46.0      65         4         1        -1      0.000      0     -3.752E-09  -0.91756  -0.39760
     358  1/17:45:36.0  00:01:46.0      65         5         1        -1      0.000      0     -4.511E-09  -0.97219  -0.23420
     359  1/17:45:36.0  00:01:46.0      65         6         1        -1      0.000      0     -2.555E-09  -0.92939  -0.36909
     360  1/17:48:11.0  00:01:36.0      66         2         1        -1      0.000      0      0.000E+00   1.00000   0.00000
     361  1/17:48:11.0  00:01:36.0      66         4         1        -1      0.000      0     -6.611E-09  -0.66034   0.75097
     362  1/17:48:11.0  00:01:36.0      66         5         1        -1      0.000      0     -4.812E-09  -0.99104   0.13356
     363  1/17:50:17.0  00:01:24.0      67         2         1        -1      0.000      0      0.000E+00   1.00000   0.00000
     364  1/17:50:17.0  00:01:24.0      67         4         1        -1      0.000      0     -3.991E-09   0.50032  -0.86584
     365  1/17:50:17.0  00:01:24.0      67         5         1        -1      0.000      0     -4.754E-09   0.95389  -0.30015
     366  1/17:50:17.0  00:01:24.0      67         6         1        -1      0.000      0     -2.760E-09  -0.51283   0.85849
     367  1/17:52:59.0  00:01:58.0       3         2         1        -1      0.000      0      0.000E+00   1.00000   0.00000
     368  1/17:52:59.0  00:01:58.0       3         4         1        -1      0.000      0     -3.837E-09   0.06735   0.99773
     369  1/17:52:59.0  00:01:58.0       3         5         1        -1      0.000      0     -5.688E-09   0.35316   0.93556
     370  1/17:57:34.0  00:00:50.0       4         2         1        -1      0.000      0      0.000E+00   1.00000   0.00000
     371  1/17:57:34.0  00:00:50.0       4         4         1        -1      0.000      0     -5.220E-09  -0.99292   0.11876
     372  1/17:57:34.0  00:00:50.0       4         5         1        -1      0.000      0     -4.339E-09  -0.66341  -0.74826
     373  1/17:59:12.0  00:01:32.0       6         2         1        -1      0.000      0      0.000E+00   1.00000   0.00000
     374  1/17:59:12.0  00:01:32.0       6         4         1        -1      0.000      0     -2.388E-09  -0.66367   0.74803
     375  1/17:59:12.0  00:01:32.0       6         5         1        -1      0.000      0     -4.368E-09   0.37795   0.92583
