       1  0/17:00:17.0  00:00:32.0       1         1         1        -1      0.000      0      0.000E+00   1.0000   0.0000
       2  0/17:00:17.0  00:00:32.0       1         6         1        -1      0.000      0      9.868E-09   0.9311   0.3647
       3  0/17:10:30.0  00:00:58.0       1         2         1        -1      0.000      0      1.864E-08   0.7589   0.6512
       4  0/17:10:30.0  00:00:58.0       1         4         1        -1      0.000      0      1.991E-08   0.8601   0.5101
       5  0/17:13:30.0  00:02:58.0       1         2         1        -1      0.000      0      1.864E-08   0.1439   0.9896
       6  0/17:13:30.0  00:02:58.0       1         4         1        -1      0.000      0      2.057E-08   0.6445  -0.7646
       7  0/17:17:30.0  00:02:58.0       1         2         1        -1      0.000      0      1.864E-08  -0.7255   0.6883
       8  0/17:17:30.0  00:02:58.0       1         4         1        -1      0.000      0      2.093E-08  -0.9599   0.2803
       9  0/17:21:30.0  00:02:58.0       1         2         1        -1      0.000      0      1.864E-08  -0.9806  -0.1958
      10  0/17:21:30.0  00:02:58.0       1         4         1        -1      0.000      0      2.033E-08   0.9973  -0.0729
      11  0/17:25:30.0  00:02:58.0       1         2         1        -1      0.000      0      1.864E-08  -0.4055  -0.9141
      12  0/17:25:30.0  00:02:58.0       1         4         1        -1      0.000      0      2.021E-08   0.1507   0.9886
      13  0/17:29:30.0  00:02:58.0       1         2         1        -1      0.000      0      1.864E-08   0.5130  -0.8584
      14  0/17:29:30.0  00:02:58.0       1         3         1        -1      0.000      0     -3.583E-09  -0.9943   0.1066
      15  0/17:29:30.0  00:02:58.0       1         4         1        -1      0.000      0      2.011E-08   0.4945  -0.8692
      16  0/17:33:30.0  00:02:58.0       1         2         1        -1      0.000      0      1.864E-08   0.9971  -0.0759
      17  0/17:33:30.0  00:02:58.0       1         3         1        -1      0.000      0           INDE   0.9971  -0.0759
      18  0/17:33:30.0  00:02:58.0       1         4         1        -1      0.000      0      2.033E-08  -0.7210   0.6929
      19  0/17:37:30.0  00:02:58.0       1         2         1        -1      0.000      0      1.864E-08   0.6370   0.7709
      20  0/17:37:30.0  00:02:58.0       1         3         1        -1      0.000      0           INDE   0.6370   0.7709
      21  0/17:37:30.0  00:02:58.0       1         4         1        -1      0.000      0      2.034E-08   0.8363   0.5483
      22  0/17:41:30.0  00:02:58.0       1         2         1        -1      0.000      0      1.864E-08  -0.2625   0.9649
      23  0/17:41:30.0  00:02:58.0       1         3         1        -1      0.000      0           INDE  -0.2625   0.9649
      24  0/17:41:30.0  00:02:58.0       1         4         1        -1      0.000      0      2.045E-08  -0.1081  -0.9941
      25  0/17:45:30.0  00:02:58.0       1         2         1        -1      0.000      0      1.864E-08  -0.9397   0.3420
      26  0/17:45:30.0  00:02:58.0       1         3         1        -1      0.000      0           INDE  -0.9397   0.3420
      27  0/17:45:30.0  00:02:58.0       1         4         1        -1      0.000      0      2.011E-08   0.3973   0.9177
      28  0/17:49:30.0  00:02:58.0       1         2         1        -1      0.000      0      1.864E-08  -0.8213  -0.5705
      29  0/17:49:30.0  00:02:58.0       1         3         1        -1      0.000      0           INDE  -0.8213  -0.5705
      30  0/17:49:30.0  00:02:58.0       1         4         1        -1      0.000      0      2.008E-08   0.0432  -0.9991
      31  0/18:01:00.0  00:01:58.0       2         1         1        -1      0.000      0      0.000E+00   1.0000   0.0000
      32  0/18:01:00.0  00:01:58.0       2         2         1        -1      0.000      0      1.864E-08   0.9771   0.2129
      33  0/18:01:00.0  00:01:58.0       2         4         1        -1      0.000      0      1.977E-08   0.9591   0.2830
      34  0/18:03:39.0  00:01:38.0       3         1         1        -1      0.000      0      0.000E+00   1.0000   0.0000
      35  0/18:03:39.0  00:01:38.0       3         2         1        -1      0.000      0      1.992E-08   0.8864  -0.4630
      36  0/18:03:39.0  00:01:38.0       3         4         1        -1      0.000      0      2.047E-08   0.9942  -0.1079
      37  0/18:08:33.0  00:01:52.0       4         1         1        -1      0.000      0      0.000E+00   1.0000   0.0000
      38  0/18:08:33.0  00:01:52.0       4         2         1        -1      0.000      0      1.807E-08  -0.7339  -0.6793
      39  0/18:08:33.0  00:01:52.0       4         4         1        -1      0.000      0      1.975E-08   0.9964  -0.0846
      40  0/18:11:03.0  00:01:50.0       5         1         1        -1      0.000      0      0.000E+00   1.0000   0.0000
      41  0/18:11:03.0  00:01:50.0       5         2         1        -1      0.000      0      1.831E-08   0.9934  -0.1147
      42  0/18:11:03.0  00:01:50.0       5         4         1        -1      0.000      0      1.913E-08   0.8485   0.5292
      43  0/18:13:34.0  00:01:50.0       6         1         1        -1      0.000      0      0.000E+00   1.0000   0.0000
      44  0/18:13:34.0  00:01:50.0       6         2         1        -1      0.000      0      1.815E-08   0.9543  -0.2990
      45  0/18:13:34.0  00:01:50.0       6         4         1        -1      0.000      0      1.985E-08   0.5954   0.8035
      46  0/18:16:29.0  00:01:58.0       7         1         1        -1      0.000      0      0.000E+00   1.0000   0.0000
      47  0/18:16:29.0  00:01:58.0       7         2         1        -1      0.000      0      1.811E-08   0.7647   0.6444
      48  0/18:16:29.0  00:01:58.0       7         4         1        -1      0.000      0      1.931E-08   0.9916  -0.1295
      49  0/18:16:29.0  00:01:58.0       7         6         1        -1      0.000      0      8.942E-09  -0.1733   0.9849
      50  0/18:19:33.0  00:01:50.0       8         1         1        -1      0.000      0      0.000E+00   1.0000   0.0000
      51  0/18:19:33.0  00:01:50.0       8         2         1        -1      0.000      0      1.838E-08  -0.9708  -0.2400
      52  0/18:19:33.0  00:01:50.0       8         4         1        -1      0.000      0      2.032E-08  -0.9337   0.3580
      53  0/18:22:31.0  00:01:54.0       9         1         1        -1      0.000      0      0.000E+00   1.0000   0.0000
      54  0/18:22:31.0  00:01:54.0       9         2         1        -1      0.000      0      1.885E-08  -0.4590   0.8884
      55  0/18:22:31.0  00:01:54.0       9         4         1        -1      0.000      0      1.892E-08   0.9993   0.0364
      56  0/18:22:31.0  00:01:54.0       9         6         1        -1      0.000      0      8.786E-09  -0.2515  -0.9679
      57  0/18:25:59.0  00:02:00.0      10         1         1        -1      0.000      0      0.000E+00   1.0000   0.0000
      58  0/18:25:59.0  00:02:00.0      10         2         1        -1      0.000      0      1.809E-08  -0.6001   0.7999
      59  0/18:25:59.0  00:02:00.0      10         4         1        -1      0.000      0      1.913E-08   0.9786  -0.2058
      60  0/18:25:59.0  00:02:00.0      10         6         1        -1      0.000      0      8.797E-09  -0.3650  -0.9310
      61  0/18:28:53.0  00:02:10.0      11         1         1        -1      0.000      0      0.000E+00   1.0000   0.0000
      62  0/18:28:53.0  00:02:10.0      11         2         1        -1      0.000      0      1.816E-08  -0.3942  -0.9190
      63  0/18:28:53.0  00:02:10.0      11         4         1        -1      0.000      0      1.890E-08   0.7518   0.6593
      64  0/18:28:53.0  00:02:10.0      11         6         1        -1      0.000      0      8.715E-09   0.4963   0.8682
      65  0/18:32:05.0  00:01:48.0      12         1         1        -1      0.000      0      0.000E+00   1.0000   0.0000
      66  0/18:32:05.0  00:01:48.0      12         2         1        -1      0.000      0      1.858E-08  -0.6672  -0.7449
      67  0/18:32:05.0  00:01:48.0      12         4         1        -1      0.000      0      1.939E-08   0.1706   0.9853
      68  0/18:34:55.0  00:02:08.0      13         1         1        -1      0.000      0      0.000E+00   1.0000   0.0000
      69  0/18:34:55.0  00:02:08.0      13         2         1        -1      0.000      0      1.826E-08   0.9143   0.4051
      70  0/18:34:55.0  00:02:08.0      13         4         1        -1      0.000      0      1.896E-08   0.2716  -0.9624
      71  0/18:34:55.0  00:02:08.0      13         6         1        -1      0.000      0      8.705E-09  -0.9946   0.1036
      72  0/18:37:33.0  00:01:52.0      14         1         1        -1      0.000      0      0.000E+00   1.0000   0.0000
      73  0/18:37:33.0  00:01:52.0      14         2         1        -1      0.000      0      1.855E-08   0.9794   0.2018
      74  0/18:37:33.0  00:01:52.0      14         4         1        -1      0.000      0      1.859E-08   0.4325   0.9016
      75  0/18:37:33.0  00:01:52.0      14         6         1        -1      0.000      0      8.535E-09  -0.6373  -0.7706
      76  0/18:41:14.0  00:01:30.0      15         1         1        -1      0.000      0      0.000E+00   1.0000   0.0000
      77  0/18:41:14.0  00:01:30.0      15         2         1        -1      0.000      0      1.918E-08   0.8238  -0.5669
      78  0/18:43:30.0  00:02:58.0      17         1         1        -1      0.000      0      0.000E+00   1.0000   0.0000
      79  0/18:43:30.0  00:02:58.0      17         2         1        -1      0.000      0      1.831E-08   0.9982  -0.0608
      80  0/18:43:30.0  00:02:58.0      17         4         1        -1      0.000      0      1.897E-08   0.0343   0.9994
      81  0/18:43:30.0  00:02:58.0      17         6         1        -1      0.000      0      8.727E-09   0.3184   0.9480
      82  1/01:18:33.0  00:02:50.0      17         1         1        -1      0.000      0      0.000E+00   1.0000   0.0000
      83  1/01:18:33.0  00:02:50.0      17         2         1        -1      0.000      0     -3.419E-09  -0.9967  -0.0813
      84  1/01:18:33.0  00:02:50.0      17         3         1        -1      0.000      0     -1.286E-08  -0.9206   0.3904
      85  1/01:18:33.0  00:02:50.0      17         4         1        -1      0.000      0      1.181E-08   0.8962  -0.4436
      86  1/01:18:33.0  00:02:50.0      17         5         1        -1      0.000      0      1.218E-08  -0.9740  -0.2264
      87  1/01:21:44.0  00:02:30.0      18         1         1        -1      0.000      0      0.000E+00   1.0000   0.0000
      88  1/01:21:44.0  00:02:30.0      18         2         1        -1      0.000      0     -3.643E-09  -0.5779  -0.8161
      89  1/01:21:44.0  00:02:30.0      18         3         1        -1      0.000      0     -1.311E-08   0.0303  -0.9995
      90  1/01:21:44.0  00:02:30.0      18         4         1        -1      0.000      0      1.141E-08   0.8578  -0.5140
      91  1/01:21:44.0  00:02:30.0      18         5         1        -1      0.000      0      1.192E-08   0.0213   0.9998
      92  1/01:24:47.0  00:02:22.0       2         1         1        -1      0.000      0      0.000E+00   1.0000   0.0000
      93  1/01:24:47.0  00:02:22.0       2         2         1        -1      0.000      0     -3.542E-09   0.9461  -0.3240
      94  1/01:24:47.0  00:02:22.0       2         3         1        -1      0.000      0     -1.294E-08  -0.9427   0.3336
      95  1/01:24:47.0  00:02:22.0       2         4         1        -1      0.000      0      1.174E-08   0.5467   0.8373
      96  1/01:24:47.0  00:02:22.0       2         5         1        -1      0.000      0      1.199E-08   0.7402   0.6723
      97  1/01:27:26.0  00:01:40.0      19         1         1        -1      0.000      0      0.000E+00   1.0000   0.0000
      98  1/01:27:26.0  00:01:40.0      19         3         1        -1      0.000      0     -1.303E-08   0.0710  -0.9975
      99  1/01:27:26.0  00:01:40.0      19         4         1        -1      0.000      0      1.155E-08   0.9549   0.2969
     100  1/01:27:26.0  00:01:40.0      19         5         1        -1      0.000      0      1.190E-08  -0.2760   0.9612
     101  1/01:29:08.0  00:01:40.0      19         1         1        -1      0.000      0      0.000E+00   1.0000   0.0000
     102  1/01:29:08.0  00:01:40.0      19         3         1        -1      0.000      0     -1.292E-08  -0.1763   0.9843
     103  1/01:29:08.0  00:01:40.0      19         4         1        -1      0.000      0      1.141E-08  -0.9628  -0.2701
     104  1/01:29:08.0  00:01:40.0      19         5         1        -1      0.000      0      1.187E-08   0.5768  -0.8169
     105  1/01:31:53.0  00:02:12.0      20         1         1        -1      0.000      0      0.000E+00   1.0000   0.0000
     106  1/01:31:53.0  00:02:12.0      20         3         1        -1      0.000      0     -1.315E-08  -0.8892   0.4575
     107  1/01:31:53.0  00:02:12.0      20         4         1        -1      0.000      0      1.143E-08  -0.7355  -0.6775
     108  1/01:31:53.0  00:02:12.0      20         5         1        -1      0.000      0      1.182E-08  -0.6868  -0.7269
     109  1/01:31:53.0  00:02:12.0      20         6         1        -1      0.000      0      4.496E-09   0.7388  -0.6740
     110  1/01:34:52.0  00:02:14.0      21         1         1        -1      0.000      0      0.000E+00   1.0000   0.0000
     111  1/01:34:52.0  00:02:14.0      21         2         1        -1      0.000      0     -3.664E-09   0.0030  -1.0000
     112  1/01:34:52.0  00:02:14.0      21         4         1        -1      0.000      0      1.137E-08  -0.4211   0.9070
     113  1/01:34:52.0  00:02:14.0      21         5         1        -1      0.000      0      1.168E-08   0.6220  -0.7830
     114  1/01:38:25.0  00:01:08.0      22         1         1        -1      0.000      0      0.000E+00   1.0000   0.0000
     115  1/01:38:25.0  00:01:08.0      22         2         1        -1      0.000      0     -3.491E-09  -0.9984  -0.0566
     116  1/01:38:25.0  00:01:08.0      22         4         1        -1      0.000      0      1.143E-08   0.4934   0.8698
     117  1/01:38:25.0  00:01:08.0      22         5         1        -1      0.000      0      1.182E-08   0.9459   0.3245
     118  1/01:38:25.0  00:01:08.0      22         6         1        -1      0.000      0      4.559E-09  -0.8610   0.5087
     119  1/01:41:36.0  00:02:46.0      23         1         1        -1      0.000      0      0.000E+00   1.0000   0.0000
     120  1/01:41:36.0  00:02:46.0      23         2         1        -1      0.000      0     -3.506E-09  -0.5099  -0.8602
     121  1/01:41:36.0  00:02:46.0      23         4         1        -1      0.000      0      1.133E-08  -0.1289   0.9917
     122  1/01:41:36.0  00:02:46.0      23         5         1        -1      0.000      0      1.167E-08  -0.9238   0.3829
     123  1/01:45:03.0  00:01:54.0      24         2         1        -1      0.000      0     -3.399E-09   0.4822  -0.8761
     124  1/01:45:03.0  00:01:54.0      24         4         1        -1      0.000      0      1.117E-08  -0.7832   0.6218
     125  1/01:47:00.0  00:01:56.0      24         2         1        -1      0.000      0     -3.338E-09   0.8929  -0.4503
     126  1/01:47:00.0  00:01:56.0      24         4         1        -1      0.000      0      1.116E-08  -0.1433   0.9897
     127  1/01:49:41.0  00:02:36.0      25         2         1        -1      0.000      0     -3.255E-09   0.9303   0.3668
     128  1/01:49:41.0  00:02:36.0      25         4         1        -1      0.000      0      1.137E-08   0.4727  -0.8812
     129  1/01:52:45.0  00:02:28.0      26         1         1        -1      0.000      0      0.000E+00   1.0000   0.0000
     130  1/01:52:45.0  00:02:28.0      26         2         1        -1      0.000      0     -3.160E-09   0.2076   0.9782
     131  1/01:52:45.0  00:02:28.0      26         5         1        -1      0.000      0      1.155E-08  -0.8039   0.5948
     132  1/01:55:34.0  00:02:48.0      27         1         1        -1      0.000      0      0.000E+00   1.0000   0.0000
     133  1/01:55:34.0  00:02:48.0      27         2         1        -1      0.000      0     -3.495E-09  -0.9657   0.2598
     134  1/01:55:34.0  00:02:48.0      27         5         1        -1      0.000      0      1.137E-08   0.9914  -0.1312
     135  1/01:58:37.0  00:02:44.0      28         1         1        -1      0.000      0      0.000E+00   1.0000   0.0000
     136  1/01:58:37.0  00:02:44.0      28         2         1        -1      0.000      0     -3.185E-09   0.5877   0.8091
     137  1/01:58:37.0  00:02:44.0      28         4         1        -1      0.000      0      1.116E-08  -0.8958  -0.4446
     138  1/01:58:37.0  00:02:44.0      28         5         1        -1      0.000      0      1.110E-08  -0.9795  -0.2016
     139  1/05:34:42.0  00:01:30.0      29         1         1        -1      0.000      0      0.000E+00   1.0000   0.0000
     140  1/05:34:42.0  00:01:30.0      29         2         1        -1      0.000      0     -2.843E-09   0.2870  -0.9579
     141  1/05:34:42.0  00:01:30.0      29         5         1        -1      0.000      0      7.677E-09   0.7226  -0.6913
     142  1/05:36:14.0  00:01:30.0      29         1         1        -1      0.000      0      0.000E+00   1.0000   0.0000
     143  1/05:36:14.0  00:01:30.0      29         2         1        -1      0.000      0     -2.161E-09   0.2559  -0.9667
     144  1/05:36:14.0  00:01:30.0      29         5         1        -1      0.000      0      7.765E-09  -0.1639  -0.9865
     145  1/05:38:07.0  00:01:44.0      30         1         1        -1      0.000      0      0.000E+00   1.0000   0.0000
     146  1/05:38:07.0  00:01:44.0      30         2         1        -1      0.000      0     -2.387E-09  -0.6190  -0.7854
     147  1/05:38:07.0  00:01:44.0      30         5         1        -1      0.000      0      7.764E-09   0.9982   0.0593
     148  1/05:40:30.0  00:02:58.0      41         1         1        -1      0.000      0      0.000E+00   1.0000   0.0000
     149  1/05:40:30.0  00:02:58.0      41         2         1        -1      0.000      0     -2.626E-09   0.3336  -0.9427
     150  1/05:40:30.0  00:02:58.0      41         4         1        -1      0.000      0      7.487E-09   0.5857  -0.8105
     151  1/05:40:30.0  00:02:58.0      41         5         1        -1      0.000      0      7.770E-09   0.6930   0.7209
     152  1/05:40:30.0  00:02:58.0      41         6         1        -1      0.000      0      2.139E-09  -0.8954   0.4453
     153  1/05:43:48.0  00:02:20.0      31         1         1        -1      0.000      0      0.000E+00   1.0000   0.0000
     154  1/05:43:48.0  00:02:20.0      31         2         1        -1      0.000      0     -2.519E-09  -0.0397  -0.9992
     155  1/05:43:48.0  00:02:20.0      31         4         1        -1      0.000      0      7.336E-09   0.9818  -0.1902
     156  1/05:43:48.0  00:02:20.0      31         5         1        -1      0.000      0      7.820E-09  -0.7588  -0.6513
     157  1/05:43:48.0  00:02:20.0      31         6         1        -1      0.000      0      2.087E-09   0.7468   0.6651
     158  1/05:47:45.0  00:01:28.0      32         1         1        -1      0.000      0      0.000E+00   1.0000   0.0000
     159  1/05:47:45.0  00:01:28.0      32         2         1        -1      0.000      0     -2.188E-09   0.9230   0.3848
     160  1/05:47:45.0  00:01:28.0      32         4         1        -1      0.000      0      7.276E-09   0.7479  -0.6638
     161  1/05:47:45.0  00:01:28.0      32         5         1        -1      0.000      0      7.420E-09  -0.9519   0.3065
     162  1/05:49:57.0  00:02:04.0      33         1         1        -1      0.000      0      0.000E+00   1.0000   0.0000
     163  1/05:49:57.0  00:02:04.0      33         2         1        -1      0.000      0     -2.136E-09  -0.8655  -0.5009
     164  1/05:49:57.0  00:02:04.0      33         4         1        -1      0.000      0      7.347E-09  -0.6155  -0.7881
     165  1/05:49:57.0  00:02:04.0      33         5         1        -1      0.000      0      7.409E-09   0.9746  -0.2240
     166  1/05:49:57.0  00:02:04.0      33         6         1        -1      0.000      0      1.978E-09   0.5976   0.8018
     167  1/05:52:44.0  00:02:30.0      34         1         1        -1      0.000      0      0.000E+00   1.0000   0.0000
     168  1/05:52:44.0  00:02:30.0      34         2         1        -1      0.000      0     -1.793E-09  -0.9094  -0.4160
     169  1/05:52:44.0  00:02:30.0      34         4         1        -1      0.000      0      7.319E-09   0.8896   0.4567
     170  1/05:52:44.0  00:02:30.0      34         5         1        -1      0.000      0      7.329E-09  -0.9024   0.4309
     171  1/05:55:42.0  00:02:34.0      35         1         1        -1      0.000      0      0.000E+00   1.0000   0.0000
     172  1/05:55:42.0  00:02:34.0      35         2         1        -1      0.000      0     -1.649E-09  -0.9896  -0.1442
     173  1/05:55:42.0  00:02:34.0      35         4         1        -1      0.000      0      7.200E-09  -0.2268  -0.9739
     174  1/05:55:42.0  00:02:34.0      35         5         1        -1      0.000      0      7.136E-09   0.2941  -0.9558
     175  1/05:59:04.0  00:01:50.0      36         1         1        -1      0.000      0      0.000E+00   1.0000   0.0000
     176  1/05:59:04.0  00:01:50.0      36         4         1        -1      0.000      0      7.739E-09   0.9396  -0.3424
     177  1/06:01:09.0  00:01:32.0      37         2         1        -1      0.000      0     -2.601E-09   0.7308  -0.6826
     178  1/06:01:09.0  00:01:32.0      37         5         1        -1      0.000      0      6.694E-09   0.3716   0.9284
     179  1/06:02:43.0  00:01:32.0      37         1         1        -1      0.000      0      0.000E+00   1.0000   0.0000
     180  1/06:02:43.0  00:01:32.0      37         2         1        -1      0.000      0     -2.874E-09   0.8676  -0.4973
     181  1/06:02:43.0  00:01:32.0      37         5         1        -1      0.000      0      7.379E-09   0.8184  -0.5746
     182  1/06:05:01.0  00:01:56.0      38         1         1        -1      0.000      0      0.000E+00   1.0000   0.0000
     183  1/06:05:01.0  00:01:56.0      38         2         1        -1      0.000      0     -2.577E-09  -0.9866  -0.1632
     184  1/06:05:01.0  00:01:56.0      38         5         1        -1      0.000      0      7.496E-09   0.9748  -0.2230
     185  1/06:07:30.0  00:02:58.0      42         1         1        -1      0.000      0      0.000E+00   1.0000   0.0000
     186  1/06:07:30.0  00:02:58.0      42         2         1        -1      0.000      0     -2.463E-09  -0.9915   0.1303
     187  1/06:07:30.0  00:02:58.0      42         4         1        -1      0.000      0      7.166E-09  -0.2770   0.9609
     188  1/06:07:30.0  00:02:58.0      42         5         1        -1      0.000      0      7.408E-09   0.1782   0.9840
     189  1/06:07:30.0  00:02:58.0      42         6         1        -1      0.000      0      1.733E-09   0.6402   0.7682
     190  1/06:10:48.0  00:02:20.0      39         1         1        -1      0.000      0      0.000E+00   1.0000   0.0000
     191  1/06:10:48.0  00:02:20.0      39         2         1        -1      0.000      0     -2.323E-09   0.5147  -0.8574
     192  1/06:10:48.0  00:02:20.0      39         4         1        -1      0.000      0      6.890E-09  -0.0988  -0.9951
     193  1/06:10:48.0  00:02:20.0      39         5         1        -1      0.000      0      7.381E-09  -0.9996   0.0268
     194  1/06:14:11.0  00:01:34.0      40         1         1        -1      0.000      0      0.000E+00   1.0000   0.0000
     195  1/06:14:11.0  00:01:34.0      40         2         1        -1      0.000      0     -2.370E-09  -0.3689  -0.9295
     196  1/06:14:11.0  00:01:34.0      40         4         1        -1      0.000      0      7.139E-09   0.2751  -0.9614
     197  1/06:14:11.0  00:01:34.0      40         5         1        -1      0.000      0      7.349E-09   0.1866  -0.9824
     198  1/06:14:11.0  00:01:34.0      40         6         1        -1      0.000      0      1.960E-09   0.1366  -0.9906
     199  1/09:21:10.0  00:00:38.0      43         1         1        -1      0.000      0      0.000E+00   1.0000   0.0000
     200  1/09:21:10.0  00:00:38.0      43         2         1        -1      0.000      0     -9.338E-10   0.8829  -0.4696
     201  1/09:21:10.0  00:00:38.0      43         4         1        -1      0.000      0      4.505E-09  -0.9268   0.3755
     202  1/09:21:10.0  00:00:38.0      43         5         1        -1      0.000      0           INDE   1.0000   0.0000
     203  1/09:23:43.0  00:01:32.0      44         1         1        -1      0.000      0      0.000E+00   1.0000   0.0000
     204  1/09:23:43.0  00:01:32.0      44         2         1        -1      0.000      0     -1.879E-09   0.3038   0.9527
     205  1/09:23:43.0  00:01:32.0      44         4         1        -1      0.000      0      4.100E-09   0.8812  -0.4727
     206  1/09:23:43.0  00:01:32.0      44         5         1        -1      0.000      0      4.189E-09  -0.6511   0.7590
     207  1/09:27:17.0  00:01:22.0      40         1         1        -1      0.000      0      0.000E+00   1.0000   0.0000
     208  1/09:27:17.0  00:01:22.0      40         2         1        -1      0.000      0     -1.531E-09  -0.4274  -0.9041
     209  1/09:27:17.0  00:01:22.0      40         3         1        -1      0.000      0     -2.047E-08  -0.8375   0.5464
     210  1/09:27:17.0  00:01:22.0      40         4         1        -1      0.000      0      3.878E-09  -0.9322   0.3619
     211  1/09:27:17.0  00:01:22.0      40         5         1        -1      0.000      0      4.083E-09   0.4060  -0.9139
     212  1/09:29:49.0  00:02:18.0      45         1         1        -1      0.000      0      0.000E+00   1.0000   0.0000
     213  1/09:29:49.0  00:02:18.0      45         2         1        -1      0.000      0     -1.585E-09   0.9742  -0.2255
     214  1/09:29:49.0  00:02:18.0      45         3         1        -1      0.000      0     -1.957E-08   0.5673   0.8235
     215  1/09:29:49.0  00:02:18.0      45         4         1        -1      0.000      0      4.275E-09  -0.9926  -0.1211
     216  1/09:29:49.0  00:02:18.0      45         5         1        -1      0.000      0      4.083E-09   0.4995   0.8663
     217  1/09:32:32.0  00:01:52.0      46         1         1        -1      0.000      0      0.000E+00   1.0000   0.0000
     218  1/09:32:32.0  00:01:52.0      46         2         1        -1      0.000      0     -1.494E-09   0.9662   0.2578
     219  1/09:32:32.0  00:01:52.0      46         3         1        -1      0.000      0     -1.970E-08   0.5768  -0.8169
     220  1/09:32:32.0  00:01:52.0      46         4         1        -1      0.000      0      4.150E-09  -0.9304  -0.3665
     221  1/09:32:32.0  00:01:52.0      46         5         1        -1      0.000      0      4.100E-09  -0.9640  -0.2659
     222  1/09:35:24.0  00:02:10.0      47         1         1        -1      0.000      0      0.000E+00   1.0000   0.0000
     223  1/09:35:24.0  00:02:10.0      47         2         1        -1      0.000      0     -1.609E-09  -0.9199   0.3922
     224  1/09:35:24.0  00:02:10.0      47         3         1        -1      0.000      0     -1.953E-08  -0.5182   0.8553
     225  1/09:35:24.0  00:02:10.0      47         4         1        -1      0.000      0      3.935E-09   0.1940  -0.9810
     226  1/09:35:24.0  00:02:10.0      47         5         1        -1      0.000      0      3.941E-09   0.9803  -0.1976
     227  1/09:35:24.0  00:02:10.0      47         6         1        -1      0.000      0     -1.150E-12  -0.9867  -0.1628
     228  1/09:38:01.0  00:01:56.0      48         1         1        -1      0.000      0      0.000E+00   1.0000   0.0000
     229  1/09:38:01.0  00:01:56.0      48         2         1        -1      0.000      0     -1.568E-09  -0.7887   0.6147
     230  1/09:38:01.0  00:01:56.0      48         3         1        -1      0.000      0     -1.979E-08   0.7019  -0.7122
     231  1/09:38:01.0  00:01:56.0      48         4         1        -1      0.000      0      4.044E-09   0.4980   0.8672
     232  1/09:38:01.0  00:01:56.0      48         5         1        -1      0.000      0      3.880E-09  -0.6081  -0.7939
     233  1/09:38:01.0  00:01:56.0      48         6         1        -1      0.000      0           INDE   1.0000   0.0000
     234  1/09:40:07.0  00:01:32.0      49         1         1        -1      0.000      0      0.000E+00   1.0000   0.0000
     235  1/09:40:07.0  00:01:32.0      49         2         1        -1      0.000      0     -1.485E-09  -0.9980   0.0635
     236  1/09:40:07.0  00:01:32.0      49         3         1        -1      0.000      0           INDE   0.3036   0.9528
     237  1/09:40:07.0  00:01:32.0      49         4         1        -1      0.000      0      3.916E-09   0.3837  -0.9235
     238  1/09:40:07.0  00:01:32.0      49         5         1        -1      0.000      0      3.765E-09   0.1717   0.9851
     239  1/09:41:42.0  00:01:34.0      49         1         1        -1      0.000      0      0.000E+00   1.0000   0.0000
     240  1/09:41:42.0  00:01:34.0      49         2         1        -1      0.000      0     -1.631E-09  -0.8846   0.4664
     241  1/09:41:42.0  00:01:34.0      49         4         1        -1      0.000      0      3.972E-09  -0.9972   0.0752
     242  1/09:41:42.0  00:01:34.0      49         5         1        -1      0.000      0      3.961E-09   0.9508  -0.3099
     243  1/09:44:02.0  00:01:52.0      50         1         1        -1      0.000      0      0.000E+00   1.0000   0.0000
     244  1/09:44:02.0  00:01:52.0      50         2         1        -1      0.000      0     -1.518E-09  -0.9284  -0.3715
     245  1/09:44:02.0  00:01:52.0      50         4         1        -1      0.000      0      4.209E-09   0.9816  -0.1911
     246  1/09:44:02.0  00:01:52.0      50         5         1        -1      0.000      0      4.004E-09   0.0608   0.9981
     247  1/09:46:59.0  00:01:58.0      32         1         1        -1      0.000      0      0.000E+00   1.0000   0.0000
     248  1/09:46:59.0  00:01:58.0      32         2         1        -1      0.000      0     -1.500E-09  -0.3017   0.9534
     249  1/09:46:59.0  00:01:58.0      32         4         1        -1      0.000      0      3.695E-09   0.1361   0.9907
     250  1/09:46:59.0  00:01:58.0      32         5         1        -1      0.000      0      3.778E-09   0.7247   0.6891
     251  1/09:49:28.0  00:02:02.0      51         1         1        -1      0.000      0      0.000E+00   1.0000   0.0000
     252  1/09:49:28.0  00:02:02.0      51         2         1        -1      0.000      0     -1.571E-09  -0.8683  -0.4960
     253  1/09:49:28.0  00:02:02.0      51         4         1        -1      0.000      0      3.639E-09   0.5766  -0.8170
     254  1/09:49:28.0  00:02:02.0      51         5         1        -1      0.000      0      3.453E-09  -0.0783  -0.9969
     255  1/09:49:28.0  00:02:02.0      51         6         1        -1      0.000      0           INDE   1.0000   0.0000
     256  1/09:54:14.0  00:01:30.0      52         1         1        -1      0.000      0      0.000E+00   1.0000   0.0000
     257  1/09:54:14.0  00:01:30.0      52         2         1        -1      0.000      0     -1.092E-09  -0.5418  -0.8405
     258  1/09:54:14.0  00:01:30.0      52         4         1        -1      0.000      0      3.650E-09   0.9143  -0.4050
     259  1/09:54:14.0  00:01:30.0      52         5         1        -1      0.000      0      3.386E-09  -0.4756   0.8796
     260  1/09:56:30.0  00:01:58.0      53         1         1        -1      0.000      0      0.000E+00   1.0000   0.0000
     261  1/09:56:30.0  00:01:58.0      53         2         1        -1      0.000      0     -7.374E-10   0.5390  -0.8423
     262  1/09:56:30.0  00:01:58.0      53         4         1        -1      0.000      0      3.589E-09   0.9927   0.1204
     263  1/09:56:30.0  00:01:58.0      53         5         1        -1      0.000      0      3.371E-09   0.8879  -0.4600
     264  1/09:58:59.0  00:01:58.0       5         1         1        -1      0.000      0      0.000E+00   1.0000   0.0000
     265  1/09:58:59.0  00:01:58.0       5         4         1        -1      0.000      0      3.694E-09  -0.9019   0.4319
     266  1/09:58:59.0  00:01:58.0       5         5         1        -1      0.000      0      3.390E-09  -0.3044   0.9525
     267  1/13:35:03.0  00:01:50.0      54         1         1        -1      0.000      0      0.000E+00   1.0000   0.0000
     268  1/13:35:03.0  00:01:50.0      54         2         1        -1      0.000      0     -2.382E-10  -0.9666  -0.2565
     269  1/13:35:03.0  00:01:50.0      54         4         1        -1      0.000      0      8.403E-11   0.2167  -0.9762
     270  1/13:35:03.0  00:01:50.0      54         5         1        -1      0.000      0     -1.021E-10  -0.9472   0.3207
     271  1/13:41:02.0  00:01:52.0      56         1         1        -1      0.000      0      0.000E+00   1.0000   0.0000
     272  1/13:41:02.0  00:01:52.0      56         4         1        -1      0.000      0      2.085E-10  -0.5047  -0.8633
     273  1/13:41:02.0  00:01:52.0      56         5         1        -1      0.000      0     -2.271E-10   0.9762  -0.2167
     274  1/13:45:13.0  00:01:32.0      57         1         1        -1      0.000      0      0.000E+00   1.0000   0.0000
     275  1/13:45:13.0  00:01:32.0      57         2         1        -1      0.000      0     -3.911E-10   0.2259   0.9741
     276  1/13:45:13.0  00:01:32.0      57         4         1        -1      0.000      0      1.765E-11   0.3184  -0.9480
     277  1/13:45:13.0  00:01:32.0      57         5         1        -1      0.000      0     -4.369E-11   0.9986   0.0531
     278  1/13:47:55.0  00:02:08.0      58         1         1        -1      0.000      0      0.000E+00   1.0000   0.0000
     279  1/13:47:55.0  00:02:08.0      58         2         1        -1      0.000      0     -1.653E-10   0.9973  -0.0732
     280  1/13:47:55.0  00:02:08.0      58         4         1        -1      0.000      0     -9.952E-11  -0.9927  -0.1203
     281  1/13:47:55.0  00:02:08.0      58         5         1        -1      0.000      0     -2.929E-11  -0.1476   0.9891
     282  1/13:51:28.0  00:02:00.0      52         1         1        -1      0.000      0      0.000E+00   1.0000   0.0000
     283  1/13:51:28.0  00:02:00.0      52         2         1        -1      0.000      0     -2.650E-10  -0.8653   0.5012
     284  1/13:51:28.0  00:02:00.0      52         4         1        -1      0.000      0     -6.822E-11   0.9101   0.4144
     285  1/13:51:28.0  00:02:00.0      52         5         1        -1      0.000      0     -2.541E-10  -0.9361  -0.3519
     286  1/13:51:28.0  00:02:00.0      52         6         1        -1      0.000      0     -2.121E-09   0.3079   0.9514
     287  1/13:54:30.0  00:01:58.0      59         1         1        -1      0.000      0      0.000E+00   1.0000   0.0000
     288  1/13:54:30.0  00:01:58.0      59         2         1        -1      0.000      0     -2.629E-10  -0.7865  -0.6175
     289  1/13:54:30.0  00:01:58.0      59         4         1        -1      0.000      0     -2.043E-10  -0.9962   0.0868
     290  1/13:54:30.0  00:01:58.0      59         5         1        -1      0.000      0     -2.909E-10   0.6258  -0.7800
     291  1/13:54:30.0  00:01:58.0      59         6         1        -1      0.000      0     -2.291E-09  -1.0000  -0.0085
     292  1/13:56:34.0  00:01:50.0       5         1         1        -1      0.000      0      0.000E+00   1.0000   0.0000
     293  1/13:56:34.0  00:01:50.0       5         2         1        -1      0.000      0     -1.489E-10  -0.0836  -0.9965
     294  1/13:56:34.0  00:01:50.0       5         4         1        -1      0.000      0     -2.901E-10  -0.2265   0.9740
     295  1/13:56:34.0  00:01:50.0       5         5         1        -1      0.000      0     -2.546E-10  -0.4196  -0.9077
     296  1/13:56:34.0  00:01:50.0       5         6         1        -1      0.000      0     -2.293E-09  -0.8197   0.5728
     297  1/13:59:27.0  00:02:04.0      60         1         1        -1      0.000      0      0.000E+00   1.0000   0.0000
     298  1/13:59:27.0  00:02:04.0      60         2         1        -1      0.000      0     -4.900E-11  -0.2578   0.9662
     299  1/13:59:27.0  00:02:04.0      60         4         1        -1      0.000      0     -1.760E-10  -0.9907   0.1362
     300  1/13:59:27.0  00:02:04.0      60         5         1        -1      0.000      0     -3.671E-10   0.8504   0.5261
     301  1/13:59:27.0  00:02:04.0      60         6         1        -1      0.000      0     -2.426E-09  -0.7333   0.6799
     302  1/14:02:36.0  00:01:46.0       7         1         1        -1      0.000      0      0.000E+00   1.0000   0.0000
     303  1/14:02:36.0  00:01:46.0       7         2         1        -1      0.000      0     -2.423E-10   0.0646  -0.9979
     304  1/14:02:36.0  00:01:46.0       7         4         1        -1      0.000      0     -2.753E-10   0.5447  -0.8386
     305  1/14:02:36.0  00:01:46.0       7         5         1        -1      0.000      0     -3.965E-10   0.9617   0.2742
     306  1/14:02:36.0  00:01:46.0       7         6         1        -1      0.000      0     -2.299E-09  -0.1208   0.9927
     307  1/14:05:03.0  00:01:52.0       9         1         1        -1      0.000      0      0.000E+00   1.0000   0.0000
     308  1/14:05:03.0  00:01:52.0       9         2         1        -1      0.000      0      1.269E-10   0.7332   0.6800
     309  1/14:05:03.0  00:01:52.0       9         4         1        -1      0.000      0     -5.959E-10  -0.4265  -0.9045
     310  1/14:05:03.0  00:01:52.0       9         5         1        -1      0.000      0     -3.132E-10  -0.9454  -0.3260
     311  1/14:05:03.0  00:01:52.0       9         6         1        -1      0.000      0     -2.329E-09   0.6929  -0.7211
     312  1/14:08:05.0  00:01:48.0      10         1         1        -1      0.000      0      0.000E+00   1.0000   0.0000
     313  1/14:08:05.0  00:01:48.0      10         2         1        -1      0.000      0     -7.003E-11  -0.5936  -0.8048
     314  1/14:08:05.0  00:01:48.0      10         4         1        -1      0.000      0     -2.643E-10  -0.8599  -0.5104
     315  1/14:08:05.0  00:01:48.0      10         5         1        -1      0.000      0     -6.597E-10  -0.1591  -0.9873
     316  1/14:08:05.0  00:01:48.0      10         6         1        -1      0.000      0     -2.451E-09  -0.9096  -0.4154
     317  1/14:10:53.0  00:02:10.0      11         1         1        -1      0.000      0      0.000E+00   1.0000   0.0000
     318  1/14:10:53.0  00:02:10.0      11         2         1        -1      0.000      0      3.501E-10   0.9039   0.4278
     319  1/14:10:53.0  00:02:10.0      11         4         1        -1      0.000      0     -3.002E-10   0.2272   0.9738
     320  1/14:10:53.0  00:02:10.0      11         5         1        -1      0.000      0     -5.777E-10   0.9557  -0.2944
     321  1/14:13:52.0  00:02:14.0      61         1         1        -1      0.000      0      0.000E+00   1.0000   0.0000
     322  1/14:13:52.0  00:02:14.0      61         4         1        -1      0.000      0     -2.957E-11   0.8545   0.5195
     323  1/14:13:52.0  00:02:14.0      61         5         1        -1      0.000      0     -8.155E-10   0.6191   0.7853
     324  1/17:19:22.0  00:01:12.0      18         2         1        -1      0.000      0      3.501E-10  -0.8204   0.5718
     325  1/17:19:22.0  00:01:12.0      18         4         1        -1      0.000      0     -3.503E-09  -0.9803  -0.1975
     326  1/17:19:22.0  00:01:12.0      18         5         1        -1      0.000      0     -4.800E-09   0.0469  -0.9989
     327  1/17:21:46.0  00:02:24.0       2         2         1        -1      0.000      0      3.501E-10  -0.4871   0.8734
     328  1/17:21:46.0  00:02:24.0       2         4         1        -1      0.000      0     -3.632E-09   0.8659   0.5002
     329  1/17:21:46.0  00:02:24.0       2         5         1        -1      0.000      0     -4.538E-09  -0.9620  -0.2731
     330  1/17:24:18.0  00:01:20.0      20         2         1        -1      0.000      0      3.501E-10  -0.0301   0.9995
     331  1/17:24:18.0  00:01:20.0      20         4         1        -1      0.000      0     -3.286E-09  -0.4601   0.8879
     332  1/17:24:18.0  00:01:20.0      20         5         1        -1      0.000      0     -4.610E-09   0.7865  -0.6175
     333  1/17:30:26.0  00:02:04.0      11         2         1        -1      0.000      0      2.362E-09   0.3539  -0.9353
     334  1/17:30:26.0  00:02:04.0      11         4         1        -1      0.000      0     -1.876E-09   0.9212  -0.3890
     335  1/17:30:26.0  00:02:04.0      11         5         1        -1      0.000      0     -2.080E-09  -0.8557  -0.5175
     336  1/17:30:26.0  00:02:04.0      11         6         1        -1      0.000      0     -2.451E-09   0.7389   0.6739
     337  1/17:33:27.0  00:02:02.0      62         2         1        -1      0.000      0      3.501E-10   0.9919  -0.1274
     338  1/17:33:27.0  00:02:02.0      62         4         1        -1      0.000      0     -3.675E-09   0.2383   0.9712
     339  1/17:33:27.0  00:02:02.0      62         5         1        -1      0.000      0     -4.113E-09  -0.1445  -0.9895
     340  1/17:33:27.0  00:02:02.0      62         6         1        -1      0.000      0     -4.425E-09   0.9979   0.0643
     341  1/17:36:04.0  00:01:48.0      12         2         1        -1      0.000      0      3.501E-10   0.8127  -0.5827
     342  1/17:36:04.0  00:01:48.0      12         4         1        -1      0.000      0     -3.795E-09   0.9497   0.3131
     343  1/17:36:04.0  00:01:48.0      12         5         1        -1      0.000      0     -4.606E-09   0.9743  -0.2252
     344  1/17:38:40.0  00:01:36.0      13         2         1        -1      0.000      0      2.492E-09  -0.9896   0.1440
     345  1/17:38:40.0  00:01:36.0      13         4         1        -1      0.000      0     -1.805E-09   0.9592   0.2829
     346  1/17:38:40.0  00:01:36.0      13         5         1        -1      0.000      0     -2.143E-09  -0.4632  -0.8863
     347  1/17:38:40.0  00:01:36.0      13         6         1        -1      0.000      0     -2.451E-09  -0.9286  -0.3710
     348  1/17:40:42.0  00:01:34.0      63         2         1        -1      0.000      0      2.266E-09  -0.8798  -0.4754
     349  1/17:40:42.0  00:01:34.0      63         4         1        -1      0.000      0     -1.715E-09   0.9546  -0.2979
     350  1/17:40:42.0  00:01:34.0      63         5         1        -1      0.000      0     -2.216E-09  -0.9668   0.2555
     351  1/17:40:42.0  00:01:34.0      63         6         1        -1      0.000      0     -2.451E-09  -0.7509   0.6604
     352  1/17:43:04.0  00:01:50.0      64         2         1        -1      0.000      0      2.663E-09  -0.9916   0.1295
     353  1/17:43:04.0  00:01:50.0      64         4         1        -1      0.000      0     -1.806E-09   0.6375  -0.7704
     354  1/17:43:04.0  00:01:50.0      64         5         1        -1      0.000      0     -1.940E-09   0.7102  -0.7040
     355  1/17:43:04.0  00:01:50.0      64         6         1        -1      0.000      0     -2.451E-09   0.4192   0.9079
     356  1/17:45:36.0  00:01:46.0      65         2         1        -1      0.000      0      2.654E-09   0.1015   0.9948
     357  1/17:45:36.0  00:01:46.0      65         4         1        -1      0.000      0     -1.813E-09  -0.9849  -0.1733
     358  1/17:45:36.0  00:01:46.0      65         5         1        -1      0.000      0     -2.216E-09   0.0870   0.9962
     359  1/17:45:36.0  00:01:46.0      65         6         1        -1      0.000      0     -2.451E-09   0.9727  -0.2320
     360  1/17:48:11.0  00:01:36.0      66         2         1        -1      0.000      0      3.501E-10  -0.9736  -0.2284
     361  1/17:48:11.0  00:01:36.0      66         4         1        -1      0.000      0     -4.611E-09  -0.7542  -0.6566
     362  1/17:48:11.0  00:01:36.0      66         5         1        -1      0.000      0     -4.539E-09  -0.6929   0.7210
     363  1/17:50:17.0  00:01:24.0      67         2         1        -1      0.000      0      2.761E-09   0.6950   0.7190
     364  1/17:50:17.0  00:01:24.0      67         4         1        -1      0.000      0     -1.798E-09  -0.7878  -0.6159
     365  1/17:50:17.0  00:01:24.0      67         5         1        -1      0.000      0     -2.355E-09  -0.9675   0.2530
     366  1/17:50:17.0  00:01:24.0      67         6         1        -1      0.000      0     -2.451E-09  -0.9321  -0.3622
     367  1/17:52:59.0  00:01:58.0       3         2         1        -1      0.000      0      3.501E-10  -0.7799   0.6260
     368  1/17:52:59.0  00:01:58.0       3         4         1        -1      0.000      0     -4.546E-09  -0.5189   0.8548
     369  1/17:52:59.0  00:01:58.0       3         5         1        -1      0.000      0     -5.246E-09  -0.6474  -0.7622
     370  1/17:57:34.0  00:00:50.0       4         2         1        -1      0.000      0      3.501E-10  -0.0286   0.9996
     371  1/17:57:34.0  00:00:50.0       4         4         1        -1      0.000      0     -3.670E-09   0.8896  -0.4567
     372  1/17:57:34.0  00:00:50.0       4         5         1        -1      0.000      0     -4.024E-09  -0.8359   0.5488
     373  1/17:59:12.0  00:01:32.0       6         2         1        -1      0.000      0      3.741E-09   0.3388   0.9409
     374  1/17:59:12.0  00:01:32.0       6         4         1        -1      0.000      0     -2.957E-11   0.0648  -0.9979
     375  1/17:59:12.0  00:01:32.0       6         5         1        -1      0.000      0     -4.292E-10   0.7581  -0.6521
