       1  0/17:00:17.0  00:00:32.0       1         1         1        1       0.000      0     -1.868E-08  -0.1587   0.9873
       1                                                                                                    0.9891  -0.1474
       2  0/17:00:17.0  00:00:32.0       1         6         1        1       0.000      0     -6.604E-09  -0.2634   0.9647
       2                                                                                                    0.3870   0.9221
       3  0/17:10:30.0  00:00:58.0       1         2         1        1       0.000      0      0.000E+00   1.0000   0.0000
       3                                                                                                    1.0000   0.0000
       4  0/17:10:30.0  00:00:58.0       1         4         1        1       0.000      0      1.230E-09   0.9849  -0.1733
       4                                                                                                    0.9987  -0.0505
       5  0/17:13:30.0  00:02:58.0       1         2         1        1       0.000      0      0.000E+00   1.0000   0.0000
       5                                                                                                    1.0000   0.0000
       6  0/17:13:30.0  00:02:58.0       1         4         1        1       0.000      0      1.894E-09  -0.6637  -0.7480
       6                                                                                                   -0.5101  -0.8601
       7  0/17:17:30.0  00:02:58.0       1         2         1        1       0.000      0      0.000E+00   1.0000   0.0000
       7                                                                                                    1.0000   0.0000
       8  0/17:17:30.0  00:02:58.0       1         4         1        1       0.000      0      2.254E-09   0.8891   0.4577
       8                                                                                                    0.7635   0.6458
       9  0/17:21:30.0  00:02:58.0       1         2         1        1       0.000      0      0.000E+00   1.0000   0.0000
       9                                                                                                    1.0000   0.0000
      10  0/17:21:30.0  00:02:58.0       1         4         1        1       0.000      0      2.311E-09  -0.9440   0.3300
      10                                                                                                   -0.9946   0.1038
      11  0/17:25:28.0  00:02:54.0       1         2         1        1       0.000      0      0.000E+00   1.0000   0.0000
      11                                                                                                    1.0000   0.0000
      12  0/17:25:28.0  00:02:54.0       1         4         1        1       0.000      0      1.358E-09  -0.9528  -0.3035
      12                                                                                                   -0.9027  -0.4303
      13  0/17:29:28.0  00:02:54.0       1         2         1        1       0.000      0      0.000E+00   1.0000   0.0000
      13                                                                                                    1.0000   0.0000
      14  0/17:29:28.0  00:02:54.0       1         3         1        1       0.000      0     -2.224E-08  -0.5535  -0.8328
      14                                                                                                   -0.3140   0.9494
      15  0/17:29:28.0  00:02:54.0       1         4         1        1       0.000      0      1.421E-09   0.9999   0.0130
      15                                                                                                    0.9879   0.1553
      16  0/17:33:28.0  00:02:54.0       1         2         1        1       0.000      0      0.000E+00   1.0000   0.0000
      16                                                                                                    1.0000   0.0000
      17  0/17:33:28.0  00:02:54.0       1         3         1        1       0.000      0           INDE   1.0000   0.0000
      17                                                                                                    1.0000   0.0000
      18  0/17:33:28.0  00:02:54.0       1         4         1        1       0.000      0      1.669E-09  -0.7854   0.6190
      18                                                                                                   -0.8777   0.4791
      19  0/17:37:29.0  00:02:56.0       1         2         1        1       0.000      0      0.000E+00   1.0000   0.0000
      19                                                                                                    1.0000   0.0000
      20  0/17:37:29.0  00:02:56.0       1         3         1        1       0.000      0           INDE   1.0000   0.0000
      20                                                                                                    1.0000   0.0000
      21  0/17:37:29.0  00:02:56.0       1         4         1        1       0.000      0      1.630E-09   0.9585  -0.2852
      21                                                                                                    0.9922  -0.1250
      22  0/17:41:29.0  00:02:56.0       1         2         1        1       0.000      0      0.000E+00   1.0000   0.0000
      22                                                                                                    1.0000   0.0000
      23  0/17:41:29.0  00:02:56.0       1         3         1        1       0.000      0           INDE   1.0000   0.0000
      23                                                                                                    1.0000   0.0000
      24  0/17:41:29.0  00:02:56.0       1         4         1        1       0.000      0      1.764E-09  -0.9387   0.3448
      24                                                                                                   -0.9848   0.1738
      25  0/17:45:28.0  00:02:54.0       1         2         1        1       0.000      0      0.000E+00   1.0000   0.0000
      25                                                                                                    1.0000   0.0000
      26  0/17:45:28.0  00:02:54.0       1         3         1        1       0.000      0           INDE   1.0000   0.0000
      26                                                                                                    1.0000   0.0000
      27  0/17:45:28.0  00:02:54.0       1         4         1        1       0.000      0      1.437E-09  -0.0274  -0.9996
      27                                                                                                    0.1168  -0.9932
      28  0/17:49:29.0  00:02:56.0       1         2         1        1       0.000      0      0.000E+00   1.0000   0.0000
      28                                                                                                    1.0000   0.0000
      29  0/17:49:29.0  00:02:56.0       1         3         1        1       0.000      0           INDE   1.0000   0.0000
      29                                                                                                    1.0000   0.0000
      30  0/17:49:29.0  00:02:56.0       1         4         1        1       0.000      0      1.438E-09   0.5332   0.8460
      30                                                                                                    0.4058   0.9140
      31  0/18:00:59.0  00:01:56.0       2         1         1        1       0.000      0     -1.868E-08   0.9794  -0.2020
      31                                                                                                   -0.4887  -0.8724
      32  0/18:00:59.0  00:01:56.0       2         2         1        1       0.000      0      0.000E+00   1.0000   0.0000
      32                                                                                                    1.0000   0.0000
      33  0/18:00:59.0  00:01:56.0       2         4         1        1       0.000      0      1.118E-09   0.9950   0.1000
      33                                                                                                    0.9775   0.2110
      34  0/18:03:53.0  00:01:06.0       3         1         1        1       0.000      0     -1.997E-08   0.4537   0.8912
      34                                                                                                    0.6158  -0.7879
      35  0/18:03:53.0  00:01:06.0       3         2         1        1       0.000      0      0.000E+00   1.0000   0.0000
      35                                                                                                    1.0000   0.0000
      36  0/18:03:53.0  00:01:06.0       3         4         1        1       0.000      0      4.327E-10   0.9867   0.1625
      36                                                                                                    0.9787   0.2053
      37  0/18:08:38.0  00:01:34.0       4         1         1        1       0.000      0     -1.819E-08  -0.6776   0.7354
      37                                                                                                    0.8840   0.4676
      38  0/18:08:38.0  00:01:34.0       4         2         1        1       0.000      0      0.000E+00   1.0000   0.0000
      38                                                                                                    1.0000   0.0000
      39  0/18:08:38.0  00:01:34.0       4         4         1        1       0.000      0      1.551E-09  -0.5594   0.8289
      39                                                                                                   -0.6813   0.7320
      40  0/18:11:08.0  00:01:36.0       5         1         1        1       0.000      0     -1.835E-08   0.9966   0.0826
      40                                                                                                   -0.1896  -0.9819
      41  0/18:11:08.0  00:01:36.0       5         2         1        1       0.000      0      0.000E+00   1.0000   0.0000
      41                                                                                                    1.0000   0.0000
      42  0/18:11:08.0  00:01:36.0       5         4         1        1       0.000      0      7.676E-10   0.8471   0.5315
      42                                                                                                    0.8036   0.5952
      43  0/18:13:40.0  00:01:34.0       6         1         1        1       0.000      0     -1.827E-08   0.9698   0.2439
      43                                                                                                   -0.0196  -0.9998
      44  0/18:13:40.0  00:01:34.0       6         2         1        1       0.000      0      0.000E+00   1.0000   0.0000
      44                                                                                                    1.0000   0.0000
      45  0/18:13:40.0  00:01:34.0       6         4         1        1       0.000      0      1.538E-09   0.4658   0.8849
      45                                                                                                    0.3239   0.9461
      46  0/18:16:34.0  00:01:48.0       7         1         1        1       0.000      0     -1.817E-08   0.7422  -0.6701
      46                                                                                                   -0.8363  -0.5482
      47  0/18:16:34.0  00:01:48.0       7         2         1        1       0.000      0      0.000E+00   1.0000   0.0000
      47                                                                                                    1.0000   0.0000
      48  0/18:16:34.0  00:01:48.0       7         4         1        1       0.000      0      1.148E-09   0.5786  -0.8156
      48                                                                                                    0.6687  -0.7436
      49  0/18:16:34.0  00:01:48.0       7         6         1        1       0.000      0     -7.026E-09   0.7674   0.6412
      49                                                                                                    0.9999  -0.0103
      50  0/18:19:41.0  00:01:30.0       8         1         1        1       0.000      0     -1.843E-08  -0.9786   0.2059
      50                                                                                                    0.4697   0.8828
      51  0/18:19:41.0  00:01:30.0       8         2         1        1       0.000      0      0.000E+00   1.0000   0.0000
      51                                                                                                    1.0000   0.0000
      52  0/18:19:41.0  00:01:30.0       8         4         1        1       0.000      0      2.000E-09   0.8649  -0.5020
      52                                                                                                    0.9477  -0.3192
      53  0/18:22:36.0  00:01:44.0       9         1         1        1       0.000      0     -1.894E-08  -0.4431  -0.8965
      53                                                                                                   -0.7019   0.7123
      54  0/18:22:36.0  00:01:44.0       9         2         1        1       0.000      0      0.000E+00   1.0000   0.0000
      54                                                                                                    1.0000   0.0000
      55  0/18:22:36.0  00:01:44.0       9         4         1        1       0.000      0      5.009E-11  -0.5177  -0.8555
      55                                                                                                   -0.5134  -0.8581
      56  0/18:22:36.0  00:01:44.0       9         6         1        1       0.000      0     -7.979E-09  -0.4965   0.8680
      56                                                                                                    0.2789   0.9603
      57  0/18:26:01.0  00:01:56.0      10         1         1        1       0.000      0     -1.815E-08  -0.5903  -0.8072
      57                                                                                                   -0.6335   0.7738
      58  0/18:26:01.0  00:01:56.0      10         2         1        1       0.000      0      0.000E+00   1.0000   0.0000
      58                                                                                                    1.0000   0.0000
      59  0/18:26:01.0  00:01:56.0      10         4         1        1       0.000      0      9.376E-10  -0.7445  -0.6676
      59                                                                                                   -0.6784  -0.7347
      60  0/18:26:01.0  00:01:56.0      10         6         1        1       0.000      0     -7.127E-09  -0.3017   0.9534
      60                                                                                                    0.3986   0.9171
      61  0/18:28:58.0  00:02:00.0      11         1         1        1       0.000      0     -1.824E-08  -0.3861   0.9224
      61                                                                                                    0.9911   0.1331
      62  0/18:28:58.0  00:02:00.0      11         2         1        1       0.000      0      0.000E+00   1.0000   0.0000
      62                                                                                                    1.0000   0.0000
      63  0/18:28:58.0  00:02:00.0      11         4         1        1       0.000      0      6.783E-10  -0.8827   0.4699
      63                                                                                                   -0.9127   0.4086
      64  0/18:28:58.0  00:02:00.0      11         6         1        1       0.000      0     -7.293E-09  -0.8966   0.4428
      64                                                                                                   -0.3699   0.9291
      65  0/18:32:13.0  00:01:28.0      12         1         1        1       0.000      0     -1.861E-08  -0.6238   0.7816
      65                                                                                                    0.9309   0.3652
      66  0/18:32:13.0  00:01:28.0      12         2         1        1       0.000      0      0.000E+00   1.0000   0.0000
      66                                                                                                    1.0000   0.0000
      67  0/18:32:13.0  00:01:28.0      12         4         1        1       0.000      0      7.969E-10  -0.8589  -0.5121
      67                                                                                                   -0.8152  -0.5792
      68  0/18:35:01.0  00:01:56.0      13         1         1        1       0.000      0     -1.835E-08   0.9143  -0.4050
      68                                                                                                   -0.6374  -0.7706
      69  0/18:35:01.0  00:01:56.0      13         2         1        1       0.000      0      0.000E+00   1.0000   0.0000
      69                                                                                                    1.0000   0.0000
      70  0/18:35:01.0  00:01:56.0      13         4         1        1       0.000      0      6.306E-10  -0.1974  -0.9803
      70                                                                                                   -0.1349  -0.9909
      71  0/18:35:01.0  00:01:56.0      13         6         1        1       0.000      0     -7.469E-09  -0.6666   0.7454
      71                                                                                                    0.0212   0.9998
      72  0/18:37:38.0  00:01:42.0      14         1         1        1       0.000      0     -1.866E-08   0.9846  -0.1750
      72                                                                                                   -0.4626  -0.8866
      73  0/18:37:38.0  00:01:42.0      14         2         1        1       0.000      0      0.000E+00   1.0000   0.0000
      73                                                                                                    1.0000   0.0000
      74  0/18:37:38.0  00:01:42.0      14         4         1        1       0.000      0     -1.286E-10   0.6567   0.7541
      74                                                                                                    0.6664   0.7456
      75  0/18:37:38.0  00:01:42.0      14         6         1        1       0.000      0     -7.908E-09  -0.9446  -0.3283
      75                                                                                                   -0.8958   0.4444
      76  0/18:41:14.0  00:01:22.0      15         1         1        1       0.000      0     -1.932E-08   0.8326   0.5538
      76                                                                                                    0.2143  -0.9768
      77  0/18:41:14.0  00:01:22.0      15         2         1        1       0.000      0      0.000E+00   1.0000   0.0000
      77                                                                                                    1.0000   0.0000
      78  0/18:43:30.0  00:02:58.0      17         1         1        1       0.000      0     -1.842E-08   0.9986   0.0537
      78                                                                                                   -0.2255  -0.9742
      79  0/18:43:30.0  00:02:58.0      17         2         1        1       0.000      0      0.000E+00   1.0000   0.0000
      79                                                                                                    1.0000   0.0000
      80  0/18:43:30.0  00:02:58.0      17         4         1        1       0.000      0      5.550E-10  -0.0505   0.9987
      80                                                                                                   -0.1061   0.9944
      81  0/18:43:30.0  00:02:58.0      17         6         1        1       0.000      0     -7.539E-09   0.5071   0.8619
      81                                                                                                    0.9608   0.2774
      82  1/01:18:40.0  00:02:36.0      17         1         1        1       0.000      0      3.456E-09  -0.9969  -0.0784
      82                                                                                                   -0.9107  -0.4131
      83  1/01:18:40.0  00:02:36.0      17         2         1        1       0.000      0      0.000E+00   1.0000   0.0000
      83                                                                                                    1.0000   0.0000
      84  1/01:18:40.0  00:02:36.0      17         3         1        1       0.000      0     -9.322E-09   0.9309  -0.3653
      84                                                                                                    0.2568  -0.9665
      85  1/01:18:40.0  00:02:36.0      17         4         1        1       0.000      0      1.526E-08  -0.8908   0.4545
      85                                                                                                   -0.4869  -0.8735
      86  1/01:18:40.0  00:02:36.0      17         5         1        1       0.000      0      1.568E-08   0.9772   0.2122
      86                                                                                                   -0.2181   0.9759
      87  1/01:21:44.0  00:02:26.0      18         1         1        1       0.000      0      3.579E-09  -0.6146   0.7888
      87                                                                                                   -0.8530   0.5219
      88  1/01:21:44.0  00:02:26.0      18         2         1        1       0.000      0      0.000E+00   1.0000   0.0000
      88                                                                                                    1.0000   0.0000
      89  1/01:21:44.0  00:02:26.0      18         3         1        1       0.000      0     -9.484E-09   0.7629   0.6465
      89                                                                                                    0.9688  -0.2478
      90  1/01:21:44.0  00:02:26.0      18         4         1        1       0.000      0      1.504E-08  -0.1572   0.9876
      90                                                                                                   -0.9951  -0.0985
      91  1/01:21:44.0  00:02:26.0      18         5         1        1       0.000      0      1.545E-08  -0.7986  -0.6019
      91                                                                                                    0.5875  -0.8092
      92  1/01:24:47.0  00:02:22.0       2         1         1        1       0.000      0      3.477E-09   0.9491   0.3149
      92                                                                                                    0.7839   0.6209
      93  1/01:24:47.0  00:02:22.0       2         2         1        1       0.000      0      0.000E+00   1.0000   0.0000
      93                                                                                                    1.0000   0.0000
      94  1/01:24:47.0  00:02:22.0       2         3         1        1       0.000      0     -9.411E-09  -1.0000   0.0099
      94                                                                                                   -0.5768   0.8169
      95  1/01:24:47.0  00:02:22.0       2         4         1        1       0.000      0      1.523E-08   0.2553   0.9669
      95                                                                                                   -0.9560   0.2934
      96  1/01:24:47.0  00:02:22.0       2         5         1        1       0.000      0      1.550E-08   0.4933   0.8699
      96                                                                                                   -0.8638   0.5039
      97  1/01:27:29.0  00:01:34.0      19         1         1        1       0.000      0      3.510E-09  -0.6609   0.7505
      97                                                                                                   -0.8795   0.4759
      98  1/01:27:29.0  00:01:34.0      19         3         1        1       0.000      0     -9.463E-09   0.7560   0.6546
      98                                                                                                    0.9719  -0.2354
      99  1/01:27:29.0  00:01:34.0      19         4         1        1       0.000      0      1.505E-08  -0.9076   0.4198
      99                                                                                                   -0.4711  -0.8821
     100  1/01:27:29.0  00:01:34.0      19         5         1        1       0.000      0      1.545E-08  -0.6002  -0.7999
     100                                                                                                    0.7893  -0.6140
     101  1/01:29:08.0  00:01:40.0      19         1         1        1       0.000      0      3.531E-09  -0.9737   0.2280
     101                                                                                                   -0.9922  -0.1246
     102  1/01:29:08.0  00:01:40.0      19         3         1        1       0.000      0     -9.354E-09  -0.0453  -0.9990
     102                                                                                                   -0.8336  -0.5523
     103  1/01:29:08.0  00:01:40.0      19         4         1        1       0.000      0      1.496E-08   0.9997   0.0262
     103                                                                                                    0.0411   0.9992
     104  1/01:29:08.0  00:01:40.0      19         5         1        1       0.000      0      1.543E-08  -0.3720   0.9282
     104                                                                                                   -0.9353  -0.3539
     105  1/01:31:53.0  00:02:12.0      20         1         1        1       0.000      0      3.564E-09  -0.9825   0.1860
     105                                                                                                   -0.9854  -0.1704
     106  1/01:31:53.0  00:02:12.0      20         3         1        1       0.000      0     -9.602E-09   0.7870  -0.6169
     106                                                                                                   -0.0593  -0.9982
     107  1/01:31:53.0  00:02:12.0      20         4         1        1       0.000      0      1.501E-08   0.8869   0.4620
     107                                                                                                   -0.4064   0.9137
     108  1/01:31:53.0  00:02:12.0      20         5         1        1       0.000      0      1.541E-08   0.8151   0.5793
     108                                                                                                   -0.5615   0.8275
     109  1/01:31:53.0  00:02:12.0      20         6         1        1       0.000      0      1.025E-08  -0.3459   0.9383
     109                                                                                                   -0.9825   0.1864
     110  1/01:34:54.0  00:02:10.0      21         1         1        1       0.000      0      3.602E-09  -0.0096   1.0000
     110                                                                                                   -0.3632   0.9317
     111  1/01:34:54.0  00:02:10.0      21         2         1        1       0.000      0      0.000E+00   1.0000   0.0000
     111                                                                                                    1.0000   0.0000
     112  1/01:34:54.0  00:02:10.0      21         4         1        1       0.000      0      1.501E-08  -0.9088  -0.4173
     112                                                                                                    0.3599  -0.9330
     113  1/01:34:54.0  00:02:10.0      21         5         1        1       0.000      0      1.527E-08   0.7814   0.6240
     113                                                                                                   -0.5957   0.8032
     114  1/01:38:25.0  00:01:08.0      22         1         1        1       0.000      0      3.477E-09  -0.9972   0.0746
     114                                                                                                   -0.9625  -0.2714
     115  1/01:38:25.0  00:01:08.0      22         2         1        1       0.000      0      0.000E+00   1.0000   0.0000
     115                                                                                                    1.0000   0.0000
     116  1/01:38:25.0  00:01:08.0      22         4         1        1       0.000      0      1.489E-08  -0.6041  -0.7969
     116                                                                                                    0.7501  -0.6613
     117  1/01:38:25.0  00:01:08.0      22         5         1        1       0.000      0      1.529E-08  -0.9670  -0.2547
     117                                                                                                    0.2223  -0.9750
     118  1/01:38:25.0  00:01:08.0      22         6         1        1       0.000      0      1.022E-08   0.6216  -0.7833
     118                                                                                                    0.9919   0.1268
     119  1/01:41:36.0  00:02:46.0      23         1         1        1       0.000      0      3.439E-09  -0.5706   0.8212
     119                                                                                                   -0.8151   0.5793
     120  1/01:41:36.0  00:02:46.0      23         2         1        1       0.000      0      0.000E+00   1.0000   0.0000
     120                                                                                                    1.0000   0.0000
     121  1/01:41:36.0  00:02:46.0      23         4         1        1       0.000      0      1.477E-08  -0.7571  -0.6534
     121                                                                                                    0.5863  -0.8101
     122  1/01:41:36.0  00:02:46.0      23         5         1        1       0.000      0      1.515E-08   0.2000  -0.9798
     122                                                                                                    0.9882   0.1531
     123  1/01:45:12.0  00:01:48.0      24         2         1        1       0.000      0      0.000E+00   1.0000   0.0000
     123                                                                                                    1.0000   0.0000
     124  1/01:45:12.0  00:01:48.0      24         4         1        1       0.000      0      1.456E-08  -0.9390  -0.3440
     124                                                                                                    0.2412  -0.9705
     125  1/01:47:02.0  00:01:48.0      24         2         1        1       0.000      0      0.000E+00   1.0000   0.0000
     125                                                                                                    1.0000   0.0000
     126  1/01:47:02.0  00:01:48.0      24         4         1        1       0.000      0      1.446E-08  -0.5504   0.8349
     126                                                                                                   -0.8934  -0.4492
     127  1/01:49:45.0  00:02:20.0      25         2         1        1       0.000      0      0.000E+00   1.0000   0.0000
     127                                                                                                    1.0000   0.0000
     128  1/01:49:45.0  00:02:20.0      25         4         1        1       0.000      0      1.458E-08   0.0327  -0.9995
     128                                                                                                    0.9974  -0.0723
     129  1/01:52:55.0  00:02:08.0      26         1         1        1       0.000      0      3.017E-09   0.1504  -0.9886
     129                                                                                                    0.4387  -0.8986
     130  1/01:52:55.0  00:02:08.0      26         2         1        1       0.000      0      0.000E+00   1.0000   0.0000
     130                                                                                                    1.0000   0.0000
     131  1/01:52:55.0  00:02:08.0      26         5         1        1       0.000      0      1.441E-08   0.5601   0.8285
     131                                                                                                   -0.7539   0.6570
     132  1/01:55:36.0  00:02:44.0      27         1         1        1       0.000      0      3.473E-09  -0.9655  -0.2603
     132                                                                                                   -0.8182  -0.5749
     133  1/01:55:36.0  00:02:44.0      27         2         1        1       0.000      0      0.000E+00   1.0000   0.0000
     133                                                                                                    1.0000   0.0000
     134  1/01:55:36.0  00:02:44.0      27         5         1        1       0.000      0      1.479E-08  -0.9921  -0.1258
     134                                                                                                    0.0420  -0.9991
     135  1/01:58:38.0  00:02:42.0      28         1         1        1       0.000      0      3.238E-09   0.5729  -0.8196
     135                                                                                                    0.8049  -0.5934
     136  1/01:58:38.0  00:02:42.0      28         2         1        1       0.000      0      0.000E+00   1.0000   0.0000
     136                                                                                                    1.0000   0.0000
     137  1/01:58:38.0  00:02:42.0      28         4         1        1       0.000      0      1.446E-08  -0.8735   0.4869
     137                                                                                                   -0.5855  -0.8106
     138  1/01:58:38.0  00:02:42.0      28         5         1        1       0.000      0      1.443E-08  -0.7110   0.7032
     138                                                                                                   -0.7832  -0.6217
     139  1/05:34:53.0  00:01:12.0      29         1         1        1       0.000      0      2.923E-09   0.2504   0.9681
     139                                                                                                   -0.0407   0.9992
     140  1/05:34:53.0  00:01:12.0      29         2         1        1       0.000      0      0.000E+00   1.0000   0.0000
     140                                                                                                    1.0000   0.0000
     141  1/05:34:53.0  00:01:12.0      29         5         1        1       0.000      0      1.090E-08   0.9633   0.2683
     141                                                                                                    0.2024   0.9793
     142  1/05:36:14.0  00:01:26.0      29         1         1        1       0.000      0      2.091E-09   0.2463   0.9692
     142                                                                                                    0.0386   0.9993
     143  1/05:36:14.0  00:01:26.0      29         2         1        1       0.000      0      0.000E+00   1.0000   0.0000
     143                                                                                                    1.0000   0.0000
     144  1/05:36:14.0  00:01:26.0      29         5         1        1       0.000      0      9.868E-09   0.9192  -0.3938
     144                                                                                                    0.8324   0.5541
     145  1/05:38:09.0  00:01:40.0      30         1         1        1       0.000      0      2.345E-09  -0.5932   0.8050
     145                                                                                                   -0.7648   0.6442
     146  1/05:38:09.0  00:01:40.0      30         2         1        1       0.000      0      0.000E+00   1.0000   0.0000
     146                                                                                                    1.0000   0.0000
     147  1/05:38:09.0  00:01:40.0      30         5         1        1       0.000      0      1.009E-08  -0.6483   0.7613
     147                                                                                                   -0.9890  -0.1481
     148  1/05:40:30.0  00:02:58.0      41         1         1        1       0.000      0      2.637E-09   0.2865   0.9581
     148                                                                                                    0.0254   0.9997
     149  1/05:40:30.0  00:02:58.0      41         2         1        1       0.000      0      0.000E+00   1.0000   0.0000
     149                                                                                                    1.0000   0.0000
     150  1/05:40:30.0  00:02:58.0      41         4         1        1       0.000      0      1.004E-08   0.9448   0.3277
     150                                                                                                    0.2255   0.9743
     151  1/05:40:30.0  00:02:58.0      41         5         1        1       0.000      0      1.044E-08  -0.4812   0.8766
     151                                                                                                   -0.9998   0.0193
     152  1/05:40:30.0  00:02:58.0      41         6         1        1       0.000      0      6.911E-09  -0.8599  -0.5104
     152                                                                                                   -0.3338  -0.9426
     153  1/05:43:50.0  00:02:16.0      31         1         1        1       0.000      0      2.468E-09  -0.0450   0.9990
     153                                                                                                   -0.2889   0.9574
     154  1/05:43:50.0  00:02:16.0      31         2         1        1       0.000      0      0.000E+00   1.0000   0.0000
     154                                                                                                    1.0000   0.0000
     155  1/05:43:50.0  00:02:16.0      31         4         1        1       0.000      0      9.801E-09   0.2065   0.9784
     155                                                                                                   -0.7014   0.7128
     156  1/05:43:50.0  00:02:16.0      31         5         1        1       0.000      0      1.030E-08   0.6727  -0.7399
     156                                                                                                    0.9796   0.2012
     157  1/05:43:50.0  00:02:16.0      31         6         1        1       0.000      0      6.743E-09  -0.4525   0.8918
     157                                                                                                   -0.9117   0.4108
     158  1/05:47:49.0  00:01:20.0      32         1         1        1       0.000      0      2.149E-09   0.9307  -0.3657
     158                                                                                                    0.9875  -0.1577
     159  1/05:47:49.0  00:01:20.0      32         2         1        1       0.000      0      0.000E+00   1.0000   0.0000
     159                                                                                                    1.0000   0.0000
     160  1/05:47:49.0  00:01:20.0      32         4         1        1       0.000      0      9.495E-09   0.3499  -0.9368
     160                                                                                                    0.9667  -0.2559
     161  1/05:47:49.0  00:01:20.0      32         5         1        1       0.000      0      9.601E-09  -0.7434   0.6688
     161                                                                                                   -0.9731  -0.2305
     162  1/05:49:58.0  00:02:02.0      33         1         1        1       0.000      0      2.069E-09  -0.8693   0.4943
     162                                                                                                   -0.9526   0.3041
     163  1/05:49:58.0  00:02:02.0      33         2         1        1       0.000      0      0.000E+00   1.0000   0.0000
     163                                                                                                    1.0000   0.0000
     164  1/05:49:58.0  00:02:02.0      33         4         1        1       0.000      0      9.426E-09   0.9428   0.3332
     164                                                                                                    0.2797   0.9601
     165  1/05:49:58.0  00:02:02.0      33         5         1        1       0.000      0      9.491E-09  -0.7308   0.6826
     165                                                                                                   -0.9795  -0.2014
     166  1/05:49:58.0  00:02:02.0      33         6         1        1       0.000      0      6.236E-09  -0.9926  -0.1217
     166                                                                                                   -0.7324  -0.6809
     167  1/05:52:45.0  00:02:24.0      34         1         1        1       0.000      0      1.670E-09  -0.8863   0.4630
     167                                                                                                   -0.9512   0.3084
     168  1/05:52:45.0  00:02:24.0      34         2         1        1       0.000      0      0.000E+00   1.0000   0.0000
     168                                                                                                    1.0000   0.0000
     169  1/05:52:45.0  00:02:24.0      34         4         1        1       0.000      0      8.965E-09  -1.0000   0.0068
     169                                                                                                   -0.6260  -0.7798
     170  1/05:52:45.0  00:02:24.0      34         5         1        1       0.000      0      9.033E-09   0.5942  -0.8043
     170                                                                                                    0.9997  -0.0264
     171  1/05:55:43.0  00:02:32.0      35         1         1        1       0.000      0      1.613E-09  -0.9921   0.1255
     171                                                                                                   -0.9993  -0.0363
     172  1/05:55:43.0  00:02:32.0      35         2         1        1       0.000      0      0.000E+00   1.0000   0.0000
     172                                                                                                    1.0000   0.0000
     173  1/05:55:43.0  00:02:32.0      35         4         1        1       0.000      0      8.807E-09   0.4434   0.8963
     173                                                                                                   -0.4132   0.9106
     174  1/05:55:43.0  00:02:32.0      35         5         1        1       0.000      0      8.783E-09  -0.1697   0.9855
     174                                                                                                   -0.8692   0.4945
     175  1/05:59:08.0  00:01:34.0      36         1         1        1       0.000      0      2.177E-09  -0.1570   0.9876
     175                                                                                                    0.3041  -0.9526
     176  1/05:59:08.0  00:01:34.0      36         4         1        1       0.000      0      9.625E-09   0.3142   0.9493
     176                                                                                                    0.5484  -0.8362
     177  1/06:01:15.0  00:01:20.0      37         2         1        1       0.000      0      0.000E+00   1.0000   0.0000
     177                                                                                                    1.0000   0.0000
     178  1/06:01:15.0  00:01:20.0      37         5         1        1       0.000      0      9.563E-09  -0.2472   0.9690
     178                                                                                                   -0.9361   0.3518
     179  1/06:02:42.0  00:01:30.0      37         1         1        1       0.000      0      2.767E-09   0.8206   0.5715
     179                                                                                                    0.6321   0.7749
     180  1/06:02:42.0  00:01:30.0      37         2         1        1       0.000      0      0.000E+00   1.0000   0.0000
     180                                                                                                    1.0000   0.0000
     181  1/06:02:42.0  00:01:30.0      37         5         1        1       0.000      0      1.022E-08   0.9971  -0.0767
     181                                                                                                    0.5808   0.8140
     182  1/06:05:03.0  00:01:52.0      38         1         1        1       0.000      0      2.603E-09  -0.9760   0.2177
     182                                                                                                   -0.9991  -0.0422
     183  1/06:05:03.0  00:01:52.0      38         2         1        1       0.000      0      0.000E+00   1.0000   0.0000
     183                                                                                                    1.0000   0.0000
     184  1/06:05:03.0  00:01:52.0      38         5         1        1       0.000      0      1.010E-08  -0.8957   0.4446
     184                                                                                                   -0.8498  -0.5270
     185  1/06:07:30.0  00:02:58.0      42         1         1        1       0.000      0      2.358E-09  -0.9902  -0.1399
     185                                                                                                   -0.9296  -0.3685
     186  1/06:07:30.0  00:02:58.0      42         2         1        1       0.000      0      0.000E+00   1.0000   0.0000
     186                                                                                                    1.0000   0.0000
     187  1/06:07:30.0  00:02:58.0      42         4         1        1       0.000      0      9.527E-09   0.4017  -0.9158
     187                                                                                                    0.9801  -0.1984
     188  1/06:07:30.0  00:02:58.0      42         5         1        1       0.000      0      9.757E-09  -0.0330  -0.9995
     188                                                                                                    0.8121  -0.5835
     189  1/06:07:30.0  00:02:58.0      42         6         1        1       0.000      0      6.335E-09  -0.7583  -0.6519
     189                                                                                                   -0.2220  -0.9750
     190  1/06:10:48.0  00:02:20.0      39         1         1        1       0.000      0      2.330E-09   0.4664   0.8846
     190                                                                                                    0.2483   0.9687
     191  1/06:10:48.0  00:02:20.0      39         2         1        1       0.000      0      0.000E+00   1.0000   0.0000
     191                                                                                                    1.0000   0.0000
     192  1/06:10:48.0  00:02:20.0      39         4         1        1       0.000      0      9.214E-09   0.8383  -0.5452
     192                                                                                                    0.9395   0.3426
     193  1/06:10:48.0  00:02:20.0      39         5         1        1       0.000      0      9.825E-09  -0.5005  -0.8658
     193                                                                                                    0.4471  -0.8945
     194  1/06:14:21.0  00:01:14.0      40         1         1        1       0.000      0      2.375E-09  -0.3223   0.9466
     194                                                                                                   -0.5370   0.8436
     195  1/06:14:21.0  00:01:14.0      40         2         1        1       0.000      0      0.000E+00   1.0000   0.0000
     195                                                                                                    1.0000   0.0000
     196  1/06:14:21.0  00:01:14.0      40         4         1        1       0.000      0      9.494E-09   0.9057   0.4238
     196                                                                                                    0.1777   0.9841
     197  1/06:14:21.0  00:01:14.0      40         5         1        1       0.000      0      9.747E-09   0.9044   0.4267
     197                                                                                                    0.1495   0.9888
     198  1/06:14:21.0  00:01:14.0      40         6         1        1       0.000      0      6.496E-09   0.9920   0.1261
     198                                                                                                    0.7113   0.7029
     199  1/09:21:16.0  00:00:22.0      43         1         1        1       0.000      0      9.076E-10   0.9167   0.3996
     199                                                                                                    0.8765   0.4815
     200  1/09:21:16.0  00:00:22.0      43         2         1        1       0.000      0      0.000E+00   1.0000   0.0000
     200                                                                                                    1.0000   0.0000
     201  1/09:21:16.0  00:00:22.0      43         4         1        1       0.000      0      5.484E-09  -0.9990  -0.0441
     201                                                                                                   -0.8279  -0.5609
     202  1/09:23:50.0  00:01:18.0      44         1         1        1       0.000      0      1.746E-09   0.2666  -0.9638
     202                                                                                                    0.4308  -0.9024
     203  1/09:23:50.0  00:01:18.0      44         2         1        1       0.000      0      0.000E+00   1.0000   0.0000
     203                                                                                                    1.0000   0.0000
     204  1/09:23:50.0  00:01:18.0      44         4         1        1       0.000      0      5.871E-09  -0.3281  -0.9446
     204                                                                                                    0.2532  -0.9674
     205  1/09:23:50.0  00:01:18.0      44         5         1        1       0.000      0      5.988E-09   0.5897   0.8076
     205                                                                                                    0.0287   0.9996
     206  1/09:27:21.0  00:01:14.0      40         1         1        1       0.000      0      1.652E-09  -0.3566   0.9343
     206                                                                                                   -0.5061   0.8624
     207  1/09:27:21.0  00:01:14.0      40         2         1        1       0.000      0      0.000E+00   1.0000   0.0000
     207                                                                                                    1.0000   0.0000
     208  1/09:27:21.0  00:01:14.0      40         3         1        1       0.000      0     -1.877E-08  -0.2345  -0.9721
     208                                                                                                   -0.8509   0.5254
     209  1/09:27:21.0  00:01:14.0      40         4         1        1       0.000      0      5.560E-09  -0.0926  -0.9957
     209                                                                                                    0.4495  -0.8933
     210  1/09:27:21.0  00:01:14.0      40         5         1        1       0.000      0      5.788E-09   0.7348   0.6783
     210                                                                                                    0.2410   0.9705
     211  1/09:29:51.0  00:02:14.0      45         1         1        1       0.000      0      1.490E-09   0.9803   0.1976
     211                                                                                                    0.9398   0.3417
     212  1/09:29:51.0  00:02:14.0      45         2         1        1       0.000      0      0.000E+00   1.0000   0.0000
     212                                                                                                    1.0000   0.0000
     213  1/09:29:51.0  00:02:14.0      45         3         1        1       0.000      0     -1.791E-08   0.4009   0.9161
     213                                                                                                    0.8008  -0.5990
     214  1/09:29:51.0  00:02:14.0      45         4         1        1       0.000      0      5.793E-09  -0.9344  -0.3563
     214                                                                                                   -0.5844  -0.8115
     215  1/09:29:51.0  00:02:14.0      45         5         1        1       0.000      0      5.621E-09   0.3331   0.9429
     215                                                                                                   -0.2236   0.9747
     216  1/09:32:34.0  00:01:48.0      46         1         1        1       0.000      0      1.362E-09   0.9724  -0.2333
     216                                                                                                    0.9952  -0.0983
     217  1/09:32:34.0  00:01:48.0      46         2         1        1       0.000      0      0.000E+00   1.0000   0.0000
     217                                                                                                    1.0000   0.0000
     218  1/09:32:34.0  00:01:48.0      46         3         1        1       0.000      0     -1.826E-08   0.3377  -0.9413
     218                                                                                                   -0.9968  -0.0798
     219  1/09:32:34.0  00:01:48.0      46         4         1        1       0.000      0      5.579E-09  -0.9932  -0.1164
     219                                                                                                   -0.7791  -0.6269
     220  1/09:32:34.0  00:01:48.0      46         5         1        1       0.000      0      5.536E-09  -1.0000   0.0012
     220                                                                                                   -0.8498  -0.5272
     221  1/09:35:26.0  00:02:06.0      47         1         1        1       0.000      0      1.556E-09  -0.9181  -0.3963
     221                                                                                                   -0.8451  -0.5345
     222  1/09:35:26.0  00:02:06.0      47         2         1        1       0.000      0      0.000E+00   1.0000   0.0000
     222                                                                                                    1.0000   0.0000
     223  1/09:35:26.0  00:02:06.0      47         3         1        1       0.000      0     -1.799E-08   0.8138  -0.5812
     223                                                                                                   -0.7563  -0.6543
     224  1/09:35:26.0  00:02:06.0      47         4         1        1       0.000      0      5.470E-09  -0.5291   0.8485
     224                                                                                                   -0.8946   0.4470
     225  1/09:35:26.0  00:02:06.0      47         5         1        1       0.000      0      5.509E-09  -0.9814  -0.1920
     225                                                                                                   -0.7337  -0.6794
     226  1/09:35:26.0  00:02:06.0      47         6         1        1       0.000      0      3.735E-09   0.9618   0.2736
     226                                                                                                    0.7945   0.6073
     227  1/09:38:03.0  00:01:52.0      48         1         1        1       0.000      0      1.645E-09  -0.7732  -0.6342
     227                                                                                                   -0.6583  -0.7528
     228  1/09:38:03.0  00:01:52.0      48         2         1        1       0.000      0      0.000E+00   1.0000   0.0000
     228                                                                                                    1.0000   0.0000
     229  1/09:38:03.0  00:01:52.0      48         3         1        1       0.000      0     -1.805E-08  -0.9923   0.1240
     229                                                                                                    0.3596   0.9331
     230  1/09:38:03.0  00:01:52.0      48         4         1        1       0.000      0      5.612E-09   0.1342  -0.9910
     230                                                                                                    0.6433  -0.7656
     231  1/09:38:03.0  00:01:52.0      48         5         1        1       0.000      0      5.597E-09  -0.0058   1.0000
     231                                                                                                   -0.5383   0.8427
     232  1/09:40:08.0  00:01:30.0      49         1         1        1       0.000      0      1.506E-09  -0.9949  -0.1007
     232                                                                                                   -0.9684  -0.2496
     233  1/09:40:08.0  00:01:30.0      49         2         1        1       0.000      0      0.000E+00   1.0000   0.0000
     233                                                                                                    1.0000   0.0000
     234  1/09:40:08.0  00:01:30.0      49         3         1        1       0.000      0           INDE  -0.5342  -0.8453
     234                                                                                                   -0.5952   0.8035
     235  1/09:40:08.0  00:01:30.0      49         4         1        1       0.000      0      5.479E-09  -0.4505   0.8928
     235                                                                                                   -0.8511   0.5249
     236  1/09:40:08.0  00:01:30.0      49         5         1        1       0.000      0      5.261E-09  -0.0831  -0.9965
     236                                                                                                    0.4311  -0.9023
     237  1/09:41:41.0  00:01:32.0      49         1         1        1       0.000      0      1.590E-09  -0.8833  -0.4689
     237                                                                                                   -0.7974  -0.6035
     238  1/09:41:41.0  00:01:32.0      49         2         1        1       0.000      0      0.000E+00   1.0000   0.0000
     238                                                                                                    1.0000   0.0000
     239  1/09:41:41.0  00:01:32.0      49         4         1        1       0.000      0      5.543E-09   0.9152   0.4030
     239                                                                                                    0.5637   0.8260
     240  1/09:41:41.0  00:01:32.0      49         5         1        1       0.000      0      5.578E-09  -0.9824  -0.1870
     240                                                                                                   -0.7325  -0.6808
     241  1/09:44:04.0  00:01:48.0      50         1         1        1       0.000      0      1.493E-09  -0.9458   0.3247
     241                                                                                                   -0.9837   0.1796
     242  1/09:44:04.0  00:01:48.0      50         2         1        1       0.000      0      0.000E+00   1.0000   0.0000
     242                                                                                                    1.0000   0.0000
     243  1/09:44:04.0  00:01:48.0      50         4         1        1       0.000      0      5.754E-09  -0.8478   0.5304
     243                                                                                                   -0.9998  -0.0194
     244  1/09:44:04.0  00:01:48.0      50         5         1        1       0.000      0      5.498E-09  -0.4107  -0.9118
     244                                                                                                    0.1291  -0.9916
     245  1/09:47:08.0  00:01:40.0      32         1         1        1       0.000      0      1.473E-09  -0.3250  -0.9457
     245                                                                                                   -0.1819  -0.9833
     246  1/09:47:08.0  00:01:40.0      32         2         1        1       0.000      0      0.000E+00   1.0000   0.0000
     246                                                                                                    1.0000   0.0000
     247  1/09:47:08.0  00:01:40.0      32         4         1        1       0.000      0      5.191E-09   0.8186  -0.5744
     247                                                                                                    0.9959  -0.0899
     248  1/09:47:08.0  00:01:40.0      32         5         1        1       0.000      0      5.284E-09   0.3200  -0.9474
     248                                                                                                    0.7558  -0.6548
     249  1/09:49:28.0  00:01:58.0      51         1         1        1       0.000      0      1.531E-09  -0.8765   0.4813
     249                                                                                                   -0.9400   0.3413
     250  1/09:49:28.0  00:01:58.0      51         2         1        1       0.000      0      0.000E+00   1.0000   0.0000
     250                                                                                                    1.0000   0.0000
     251  1/09:49:28.0  00:01:58.0      51         4         1        1       0.000      0      5.156E-09  -0.1001   0.9950
     251                                                                                                   -0.5799   0.8147
     252  1/09:49:28.0  00:01:58.0      51         5         1        1       0.000      0      5.057E-09   0.5475   0.8368
     252                                                                                                    0.0710   0.9975
     253  1/09:54:23.0  00:01:12.0      52         1         1        1       0.000      0      1.080E-09  -0.5773   0.8165
     253                                                                                                   -0.6624   0.7492
     254  1/09:54:23.0  00:01:12.0      52         2         1        1       0.000      0      0.000E+00   1.0000   0.0000
     254                                                                                                    1.0000   0.0000
     255  1/09:54:23.0  00:01:12.0      52         4         1        1       0.000      0      4.798E-09  -0.1684   0.9857
     255                                                                                                   -0.6064   0.7952
     256  1/09:54:23.0  00:01:12.0      52         5         1        1       0.000      0      4.624E-09  -0.5404  -0.8414
     256                                                                                                   -0.1058  -0.9944
     257  1/09:56:29.0  00:01:56.0      53         1         1        1       0.000      0      7.261E-10   0.5754   0.8179
     257                                                                                                    0.5142   0.8577
     258  1/09:56:29.0  00:01:56.0      53         2         1        1       0.000      0      0.000E+00   1.0000   0.0000
     258                                                                                                    1.0000   0.0000
     259  1/09:56:29.0  00:01:56.0      53         4         1        1       0.000      0      4.308E-09   0.4781   0.8783
     259                                                                                                    0.0653   0.9979
     260  1/09:56:29.0  00:01:56.0      53         5         1        1       0.000      0      4.124E-09   0.8847   0.4661
     260                                                                                                    0.6220   0.7830
     261  1/09:59:01.0  00:01:54.0       5         1         1        1       0.000      0      7.183E-10  -0.9840   0.1782
     261                                                                                                   -0.9943   0.1067
     262  1/09:59:01.0  00:01:54.0       5         4         1        1       0.000      0      4.352E-09   0.8474  -0.5309
     262                                                                                                    0.9925  -0.1219
     263  1/09:59:01.0  00:01:54.0       5         5         1        1       0.000      0      4.188E-09   0.1048  -0.9945
     263                                                                                                    0.5021  -0.8648
     264  1/13:35:03.0  00:01:50.0      54         1         1        1       0.000      0      5.576E-11  -0.9741   0.2260
     264                                                                                                   -0.9754   0.2206
     265  1/13:35:03.0  00:01:50.0      54         2         1        1       0.000      0      0.000E+00   1.0000   0.0000
     265                                                                                                    1.0000   0.0000
     266  1/13:35:03.0  00:01:50.0      54         4         1        1       0.000      0      1.546E-10   0.0200   0.9998
     266                                                                                                    0.0044   1.0000
     267  1/13:35:03.0  00:01:50.0      54         5         1        1       0.000      0      4.508E-11   0.8410  -0.5411
     267                                                                                                    0.8434  -0.5373
     268  1/13:41:04.0  00:01:48.0      56         1         1        1       0.000      0      2.161E-10   0.9309   0.3652
     268                                                                                                    0.9228   0.3853
     269  1/13:41:04.0  00:01:48.0      56         4         1        1       0.000      0      4.232E-10  -0.1702  -0.9854
     269                                                                                                   -0.1281  -0.9918
     270  1/13:41:04.0  00:01:48.0      56         5         1        1       0.000      0      2.262E-11   0.9906   0.1367
     270                                                                                                    0.9903   0.1389
     271  1/13:45:12.0  00:01:30.0      57         1         1        1       0.000      0      3.263E-10   0.2288  -0.9735
     271                                                                                                    0.2606  -0.9655
     272  1/13:45:12.0  00:01:30.0      57         2         1        1       0.000      0      0.000E+00   1.0000   0.0000
     272                                                                                                    1.0000   0.0000
     273  1/13:45:12.0  00:01:30.0      57         4         1        1       0.000      0      3.894E-10  -0.8523  -0.5230
     273                                                                                                   -0.8312  -0.5560
     274  1/13:45:12.0  00:01:30.0      57         5         1        1       0.000      0      3.409E-10   0.2841  -0.9588
     274                                                                                                    0.3168  -0.9485
     275  1/13:47:56.0  00:02:02.0      58         1         1        1       0.000      0      1.197E-10   0.9954   0.0962
     275                                                                                                    0.9941   0.1082
     276  1/13:47:56.0  00:02:02.0      58         2         1        1       0.000      0      0.000E+00   1.0000   0.0000
     276                                                                                                    1.0000   0.0000
     277  1/13:47:56.0  00:02:02.0      58         4         1        1       0.000      0      4.345E-12  -0.9781  -0.2081
     277                                                                                                   -0.9780  -0.2086
     278  1/13:47:56.0  00:02:02.0      58         5         1        1       0.000      0      1.133E-10  -0.2321   0.9727
     278                                                                                                   -0.2431   0.9700
     279  1/13:51:35.0  00:01:46.0      52         1         1        1       0.000      0      2.329E-10  -0.8743  -0.4853
     279                                                                                                   -0.8627  -0.5057
     280  1/13:51:35.0  00:01:46.0      52         2         1        1       0.000      0      0.000E+00   1.0000   0.0000
     280                                                                                                    1.0000   0.0000
     281  1/13:51:35.0  00:01:46.0      52         4         1        1       0.000      0      1.533E-10  -0.6598  -0.7515
     281                                                                                                   -0.6481  -0.7615
     282  1/13:51:35.0  00:01:46.0      52         5         1        1       0.000      0      1.243E-11   0.7119   0.7023
     282                                                                                                    0.7110   0.7032
     283  1/13:51:35.0  00:01:46.0      52         6         1        1       0.000      0      3.024E-10  -0.1374  -0.9905
     283                                                                                                   -0.1072  -0.9942
     284  1/13:54:37.0  00:01:44.0      59         1         1        1       0.000      0      2.145E-10  -0.7806   0.6251
     284                                                                                                   -0.7939   0.6081
     285  1/13:54:37.0  00:01:44.0      59         2         1        1       0.000      0      0.000E+00   1.0000   0.0000
     285                                                                                                    1.0000   0.0000
     286  1/13:54:37.0  00:01:44.0      59         4         1        1       0.000      0      1.865E-11   0.6670  -0.7451
     286                                                                                                    0.6684  -0.7438
     287  1/13:54:37.0  00:01:44.0      59         5         1        1       0.000      0     -4.300E-11   0.0854   0.9963
     287                                                                                                    0.0897   0.9960
     288  1/13:54:37.0  00:01:44.0      59         6         1        1       0.000      0      1.126E-10   0.5613  -0.8276
     288                                                                                                    0.5706  -0.8212
     289  1/13:56:36.0  00:01:46.0       5         1         1        1       0.000      0      1.081E-10  -0.0961   0.9954
     289                                                                                                   -0.1069   0.9943
     290  1/13:56:36.0  00:01:46.0       5         2         1        1       0.000      0      0.000E+00   1.0000   0.0000
     290                                                                                                    1.0000   0.0000
     291  1/13:56:36.0  00:01:46.0       5         4         1        1       0.000      0     -2.113E-10  -0.9513  -0.3083
     291                                                                                                   -0.9576  -0.2880
     292  1/13:56:36.0  00:01:46.0       5         5         1        1       0.000      0     -1.033E-10   0.9386  -0.3451
     292                                                                                                    0.9349  -0.3549
     293  1/13:56:36.0  00:01:46.0       5         6         1        1       0.000      0     -7.900E-12  -0.7257  -0.6881
     293                                                                                                   -0.7262  -0.6875
     294  1/13:59:31.0  00:01:56.0      60         1         1        1       0.000      0      1.163E-11  -0.2744  -0.9616
     294                                                                                                   -0.2733  -0.9619
     295  1/13:59:31.0  00:01:56.0      60         2         1        1       0.000      0      0.000E+00   1.0000   0.0000
     295                                                                                                    1.0000   0.0000
     296  1/13:59:31.0  00:01:56.0      60         4         1        1       0.000      0     -1.444E-10   0.4350   0.9004
     296                                                                                                    0.4480   0.8940
     297  1/13:59:31.0  00:01:56.0      60         5         1        1       0.000      0     -2.650E-10   0.2312  -0.9729
     297                                                                                                    0.2052  -0.9787
     298  1/13:59:31.0  00:01:56.0      60         6         1        1       0.000      0     -2.353E-10   0.9707   0.2404
     298                                                                                                    0.9761   0.2173
     299  1/14:02:40.0  00:01:38.0       7         1         1        1       0.000      0      1.902E-10   0.0809   0.9967
     299                                                                                                    0.0618   0.9981
     300  1/14:02:40.0  00:01:38.0       7         2         1        1       0.000      0      0.000E+00   1.0000   0.0000
     300                                                                                                    1.0000   0.0000
     301  1/14:02:40.0  00:01:38.0       7         4         1        1       0.000      0     -7.605E-11   0.9037   0.4282
     301                                                                                                    0.9069   0.4213
     302  1/14:02:40.0  00:01:38.0       7         5         1        1       0.000      0     -1.691E-10  -0.1432   0.9897
     302                                                                                                   -0.1264   0.9920
     303  1/14:02:40.0  00:01:38.0       7         6         1        1       0.000      0      7.863E-11  -0.9666   0.2563
     303                                                                                                   -0.9686   0.2487
     304  1/14:05:05.0  00:01:48.0       9         1         1        1       0.000      0     -1.012E-11   0.7197  -0.6942
     304                                                                                                    0.7190  -0.6950
     305  1/14:05:05.0  00:01:48.0       9         2         1        1       0.000      0      0.000E+00   1.0000   0.0000
     305                                                                                                    1.0000   0.0000
     306  1/14:05:05.0  00:01:48.0       9         4         1        1       0.000      0     -5.937E-10  -0.9355  -0.3534
     306                                                                                                   -0.9549  -0.2970
     307  1/14:05:05.0  00:01:48.0       9         5         1        1       0.000      0     -3.020E-10  -0.8961   0.4439
     307                                                                                                   -0.8822   0.4709
     308  1/14:05:05.0  00:01:48.0       9         6         1        1       0.000      0     -1.935E-10  -0.2887  -0.9574
     308                                                                                                   -0.3072  -0.9516
     309  1/14:08:09.0  00:01:40.0      10         1         1        1       0.000      0      2.783E-11  -0.5996   0.8003
     309                                                                                                   -0.6018   0.7986
     310  1/14:08:09.0  00:01:40.0      10         2         1        1       0.000      0      0.000E+00   1.0000   0.0000
     310                                                                                                    1.0000   0.0000
     311  1/14:08:09.0  00:01:40.0      10         4         1        1       0.000      0     -2.531E-10   0.9012  -0.4334
     311                                                                                                    0.8899  -0.4562
     312  1/14:08:09.0  00:01:40.0      10         5         1        1       0.000      0     -5.500E-10   0.9105   0.4135
     312                                                                                                    0.9320   0.3625
     313  1/14:08:09.0  00:01:40.0      10         6         1        1       0.000      0     -1.529E-10   0.7078  -0.7064
     313                                                                                                    0.6969  -0.7172
     314  1/14:10:55.0  00:02:06.0      11         1         1        1       0.000      0     -3.884E-10   0.9187  -0.3949
     314                                                                                                    0.9026  -0.4305
     315  1/14:10:55.0  00:02:06.0      11         2         1        1       0.000      0      0.000E+00   1.0000   0.0000
     315                                                                                                    1.0000   0.0000
     316  1/14:10:55.0  00:02:06.0      11         4         1        1       0.000      0     -6.793E-10   0.6351   0.7724
     316                                                                                                    0.6863   0.7273
     317  1/14:10:55.0  00:02:06.0      11         5         1        1       0.000      0     -9.391E-10   0.7460  -0.6660
     317                                                                                                    0.6799  -0.7333
     318  1/14:13:53.0  00:02:12.0      61         1         1        1       0.000      0     -3.884E-10   1.0000  -0.0099
     318                                                                                                    0.9988  -0.0490
     319  1/14:13:53.0  00:02:12.0      61         4         1        1       0.000      0     -4.168E-10   0.8493   0.5279
     319                                                                                                    0.8707   0.4919
     320  1/14:13:53.0  00:02:12.0      61         5         1        1       0.000      0     -1.157E-09   0.6381   0.7699
     320                                                                                                    0.7231   0.6907
     321  1/17:19:30.0  00:00:52.0      18         2         1        1       0.000      0      0.000E+00   1.0000   0.0000
     321                                                                                                    1.0000   0.0000
     322  1/17:19:30.0  00:00:52.0      18         4         1        1       0.000      0     -4.380E-09   0.5032   0.8642
     322                                                                                                    0.8235   0.5673
     323  1/17:19:30.0  00:00:52.0      18         5         1        1       0.000      0     -4.635E-09  -0.5498   0.8353
     323                                                                                                   -0.1159   0.9933
     324  1/17:21:51.0  00:02:10.0       2         2         1        1       0.000      0      0.000E+00   1.0000   0.0000
     324                                                                                                    1.0000   0.0000
     325  1/17:21:51.0  00:02:10.0       2         4         1        1       0.000      0     -4.003E-09   0.0438  -0.9990
     325                                                                                                   -0.3510  -0.9364
     326  1/17:21:51.0  00:02:10.0       2         5         1        1       0.000      0     -4.831E-09   0.2383   0.9712
     326                                                                                                    0.6641   0.7476
     327  1/17:24:26.0  00:01:00.0      20         4         1        1       0.000      0     -4.092E-09   0.2970   0.9549
     327                                                                                                    0.6541   0.7564
     328  1/17:24:26.0  00:01:00.0      20         5         1        1       0.000      0     -5.093E-09   0.1318  -0.9913
     328                                                                                                   -0.3708  -0.9287
     329  1/17:30:30.0  00:01:56.0      11         2         1        1       0.000      0      0.000E+00   1.0000   0.0000
     329                                                                                                    1.0000   0.0000
     330  1/17:30:30.0  00:01:56.0      11         4         1        1       0.000      0     -4.298E-09   0.6960   0.7180
     330                                                                                                    0.9327   0.3605
     331  1/17:30:30.0  00:01:56.0      11         5         1        1       0.000      0     -4.477E-09   0.1577  -0.9875
     331                                                                                                   -0.2876  -0.9578
     332  1/17:30:30.0  00:01:56.0      11         6         1        1       0.000      0     -2.645E-09  -0.0736   0.9973
     332                                                                                                    0.1910   0.9816
     333  1/17:33:31.0  00:01:54.0      62         2         1        1       0.000      0      0.000E+00   1.0000   0.0000
     333                                                                                                    1.0000   0.0000
     334  1/17:33:31.0  00:01:54.0      62         4         1        1       0.000      0     -4.036E-09   0.1893   0.9819
     334                                                                                                    0.5615   0.8275
     335  1/17:33:31.0  00:01:54.0      62         5         1        1       0.000      0     -4.475E-09  -0.0921  -0.9958
     335                                                                                                   -0.5159  -0.8567
     336  1/17:33:31.0  00:01:54.0      62         6         1        1       0.000      0     -2.591E-09   0.9899  -0.1415
     336                                                                                                    0.9201  -0.3917
     337  1/17:36:08.0  00:01:36.0      12         2         1        1       0.000      0      0.000E+00   1.0000   0.0000
     337                                                                                                    1.0000   0.0000
     338  1/17:36:08.0  00:01:36.0      12         4         1        1       0.000      0     -4.143E-09   0.6335   0.7738
     338                                                                                                    0.8924   0.4513
     339  1/17:36:08.0  00:01:36.0      12         5         1        1       0.000      0     -4.911E-09   0.9515   0.3076
     339                                                                                                    0.9837  -0.1801
     340  1/17:38:42.0  00:01:32.0      13         2         1        1       0.000      0      0.000E+00   1.0000   0.0000
     340                                                                                                    1.0000   0.0000
     341  1/17:38:42.0  00:01:32.0      13         4         1        1       0.000      0     -4.306E-09  -0.9241  -0.3821
     341                                                                                                   -0.9992   0.0408
     342  1/17:38:42.0  00:01:32.0      13         5         1        1       0.000      0     -4.617E-09   0.3630   0.9318
     342                                                                                                    0.7417   0.6707
     343  1/17:38:42.0  00:01:32.0      13         6         1        1       0.000      0     -2.768E-09   0.9779   0.2089
     343                                                                                                    0.9977  -0.0678
     344  1/17:40:47.0  00:01:24.0      63         2         1        1       0.000      0      0.000E+00   1.0000   0.0000
     344                                                                                                    1.0000   0.0000
     345  1/17:40:47.0  00:01:24.0      63         4         1        1       0.000      0     -4.126E-09  -0.6248   0.7808
     345                                                                                                   -0.2571   0.9664
     346  1/17:40:47.0  00:01:24.0      63         5         1        1       0.000      0     -4.543E-09   0.6935  -0.7205
     346                                                                                                    0.3047  -0.9525
     347  1/17:40:47.0  00:01:24.0      63         6         1        1       0.000      0     -2.610E-09   0.0239  -0.9997
     347                                                                                                   -0.2362  -0.9717
     348  1/17:43:08.0  00:01:42.0      64         2         1        1       0.000      0      0.000E+00   1.0000   0.0000
     348                                                                                                    1.0000   0.0000
     349  1/17:43:08.0  00:01:42.0      64         4         1        1       0.000      0     -4.723E-09  -0.6688   0.7434
     349                                                                                                   -0.2549   0.9670
     350  1/17:43:08.0  00:01:42.0      64         5         1        1       0.000      0     -4.695E-09  -0.7523   0.6588
     350                                                                                                   -0.3706   0.9288
     351  1/17:43:08.0  00:01:42.0      64         6         1        1       0.000      0     -3.073E-09  -0.5891  -0.8081
     351                                                                                                   -0.8069  -0.5907
     352  1/17:45:40.0  00:01:38.0      65         2         1        1       0.000      0      0.000E+00   1.0000   0.0000
     352                                                                                                    1.0000   0.0000
     353  1/17:45:40.0  00:01:38.0      65         4         1        1       0.000      0     -4.534E-09  -0.2253   0.9743
     353                                                                                                    0.2265   0.9740
     354  1/17:45:40.0  00:01:38.0      65         5         1        1       0.000      0     -4.844E-09   0.9986  -0.0529
     354                                                                                                    0.8578  -0.5140
     355  1/17:45:40.0  00:01:38.0      65         6         1        1       0.000      0     -2.920E-09  -0.4356  -0.9002
     355                                                                                                   -0.6774  -0.7356
     356  1/17:48:15.0  00:01:20.0      66         2         1        1       0.000      0      0.000E+00   1.0000   0.0000
     356                                                                                                    1.0000   0.0000
     357  1/17:48:15.0  00:01:20.0      66         4         1        1       0.000      0     -4.668E-09   0.9053   0.4247
     357                                                                                                    0.9995  -0.0307
     358  1/17:48:15.0  00:01:20.0      66         5         1        1       0.000      0     -4.289E-09   0.4256  -0.9049
     358                                                                                                    0.0084  -1.0000
     359  1/17:50:18.0  00:01:18.0      67         2         1        1       0.000      0      0.000E+00   1.0000   0.0000
     359                                                                                                    1.0000   0.0000
     360  1/17:50:18.0  00:01:18.0      67         4         1        1       0.000      0     -4.693E-09  -0.9999   0.0139
     360                                                                                                   -0.8843   0.4669
     361  1/17:50:18.0  00:01:18.0      67         5         1        1       0.000      0     -5.187E-09  -0.6464   0.7630
     361                                                                                                   -0.1804   0.9836
     362  1/17:50:18.0  00:01:18.0      67         6         1        1       0.000      0     -3.141E-09  -0.8647   0.5023
     362                                                                                                   -0.6660   0.7460
     363  1/17:53:10.0  00:01:32.0       3         4         1        1       0.000      0     -4.583E-09   0.9989  -0.0474
     363                                                                                                    0.8737  -0.4865
     364  1/17:53:10.0  00:01:32.0       3         5         1        1       0.000      0     -5.645E-09  -0.4872   0.8733
     364                                                                                                    0.0585   0.9983
     365  1/17:57:39.0  00:00:32.0       4         2         1        1       0.000      0      0.000E+00   1.0000   0.0000
     365                                                                                                    1.0000   0.0000
     366  1/17:57:39.0  00:00:32.0       4         4         1        1       0.000      0     -4.410E-09  -0.4535  -0.8913
     366                                                                                                   -0.7920  -0.6105
     367  1/17:57:39.0  00:00:32.0       4         5         1        1       0.000      0     -4.435E-09   0.5926   0.8055
     367                                                                                                    0.8820   0.4712
     368  1/17:59:16.0  00:01:24.0       6         2         1        1       0.000      0      0.000E+00   1.0000   0.0000
     368                                                                                                    1.0000   0.0000
     369  1/17:59:16.0  00:01:24.0       6         4         1        1       0.000      0     -3.641E-09  -0.9364  -0.3511
     369                                                                                                   -1.0000   0.0074
     370  1/17:59:16.0  00:01:24.0       6         5         1        1       0.000      0     -4.123E-09  -0.4057  -0.9140
     370                                                                                                   -0.7394  -0.6733
