       1  0/17:00:17.0  00:00:32.0       1         1         1        1       0.000      0      4.770E-09  -0.6849  -0.7286
       2  0/17:00:17.0  00:00:32.0       1         6         1        1       0.000      0      1.714E-08  -0.9383  -0.3457
       3  0/17:10:30.0  00:00:58.0       1         2         1        1       0.000      0           INDE   1.0000   0.0000
       4  0/17:10:30.0  00:00:58.0       1         4         1        1       0.000      0           INDE   1.0000   0.0000
       5  0/17:13:30.0  00:02:58.0       1         2         1        1       0.000      0           INDE   1.0000   0.0000
       6  0/17:13:30.0  00:02:58.0       1         4         1        1       0.000      0           INDE   1.0000   0.0000
       7  0/17:17:30.0  00:02:58.0       1         2         1        1       0.000      0           INDE   1.0000   0.0000
       8  0/17:17:30.0  00:02:58.0       1         4         1        1       0.000      0           INDE   1.0000   0.0000
       9  0/17:21:30.0  00:02:58.0       1         2         1        1       0.000      0      0.000E+00   1.0000   0.0000
      10  0/17:21:30.0  00:02:58.0       1         4         1        1       0.000      0      2.629E-08   0.8247   0.5656
      11  0/17:25:28.0  00:02:54.0       1         2         1        1       0.000      0      0.000E+00   1.0000   0.0000
      12  0/17:25:28.0  00:02:54.0       1         4         1        1       0.000      0      2.553E-08  -0.4025   0.9154
      13  0/17:29:28.0  00:02:54.0       1         2         1        1       0.000      0      0.000E+00   1.0000   0.0000
      14  0/17:29:28.0  00:02:54.0       1         4         1        1       0.000      0      2.544E-08   0.2901  -0.9570
      15  0/17:33:28.0  00:02:54.0       1         2         1        1       0.000      0      0.000E+00   1.0000   0.0000
      16  0/17:33:28.0  00:02:54.0       1         4         1        1       0.000      0      2.524E-08   0.3490   0.9371
      17  0/17:37:29.0  00:02:56.0       1         2         1        1       0.000      0      0.000E+00   1.0000   0.0000
      18  0/17:37:29.0  00:02:56.0       1         4         1        1       0.000      0      2.319E-08  -0.9618   0.2738
      19  0/17:41:28.0  00:02:54.0       1         2         1        1       0.000      0      0.000E+00   1.0000   0.0000
      20  0/17:41:28.0  00:02:54.0       1         4         1        1       0.000      0      2.494E-08  -0.4681  -0.8837
      21  0/17:45:08.0  00:02:14.0       1         2         1        1       0.000      0      0.000E+00   1.0000   0.0000
      22  0/17:45:08.0  00:02:14.0       1         4         1        1       0.000      0      2.479E-08  -0.9721   0.2344
      23  0/17:49:28.0  00:02:54.0       1         2         1        1       0.000      0      0.000E+00   1.0000   0.0000
      24  0/17:49:28.0  00:02:54.0       1         4         1        1       0.000      0      2.484E-08   0.6341  -0.7732
      25  0/18:00:59.0  00:01:56.0       2         1         1        1       0.000      0      4.770E-09  -0.9858   0.1678
      26  0/18:00:59.0  00:01:56.0       2         2         1        1       0.000      0      0.000E+00   1.0000   0.0000
      27  0/18:00:59.0  00:01:56.0       2         4         1        1       0.000      0      2.437E-08   0.2215   0.9752
      28  0/18:03:53.0  00:01:06.0       3         1         1        1       0.000      0      3.999E-09   0.9360   0.3521
      29  0/18:03:53.0  00:01:06.0       3         2         1        1       0.000      0      0.000E+00   1.0000   0.0000
      30  0/18:03:53.0  00:01:06.0       3         4         1        1       0.000      0      2.462E-08   0.5640   0.8258
      31  0/18:08:38.0  00:01:34.0       4         1         1        1       0.000      0      5.260E-09   0.1209  -0.9927
      32  0/18:08:38.0  00:01:34.0       4         2         1        1       0.000      0      0.000E+00   1.0000   0.0000
      33  0/18:08:38.0  00:01:34.0       4         4         1        1       0.000      0      2.492E-08   0.9612  -0.2758
      34  0/18:11:08.0  00:01:36.0       5         1         1        1       0.000      0      5.183E-09  -0.8063   0.5914
      35  0/18:11:08.0  00:01:36.0       5         2         1        1       0.000      0      0.000E+00   1.0000   0.0000
      36  0/18:11:08.0  00:01:36.0       5         4         1        1       0.000      0      2.456E-08  -0.3872  -0.9220
      37  0/18:13:40.0  00:01:34.0       6         1         1        1       0.000      0      5.158E-09  -0.9466   0.3224
      38  0/18:13:40.0  00:01:34.0       6         2         1        1       0.000      0      0.000E+00   1.0000   0.0000
      39  0/18:13:40.0  00:01:34.0       6         4         1        1       0.000      0      2.490E-08   0.1779  -0.9841
      40  0/18:16:34.0  00:01:48.0       7         1         1        1       0.000      0      5.353E-09   0.0424   0.9991
      41  0/18:16:34.0  00:01:48.0       7         2         1        1       0.000      0      0.000E+00   1.0000   0.0000
      42  0/18:16:34.0  00:01:48.0       7         4         1        1       0.000      0      2.453E-08  -0.8774   0.4798
      43  0/18:16:34.0  00:01:48.0       7         6         1        1       0.000      0      1.674E-08  -0.3922  -0.9199
      44  0/18:19:41.0  00:01:30.0       8         1         1        1       0.000      0      5.192E-09   0.7252  -0.6886
      45  0/18:19:41.0  00:01:30.0       8         2         1        1       0.000      0      0.000E+00   1.0000   0.0000
      46  0/18:19:41.0  00:01:30.0       8         4         1        1       0.000      0      2.560E-08  -0.5744   0.8186
      47  0/18:22:36.0  00:01:44.0       9         1         1        1       0.000      0      5.289E-09   0.9952   0.0975
      48  0/18:22:36.0  00:01:44.0       9         2         1        1       0.000      0      0.000E+00   1.0000   0.0000
      49  0/18:22:36.0  00:01:44.0       9         4         1        1       0.000      0      2.441E-08  -0.5801   0.8145
      50  0/18:22:36.0  00:01:44.0       9         6         1        1       0.000      0      1.665E-08   0.9028  -0.4300
      51  0/18:26:01.0  00:01:56.0      10         1         1        1       0.000      0      5.198E-09   0.8169   0.5768
      52  0/18:26:01.0  00:01:56.0      10         2         1        1       0.000      0      0.000E+00   1.0000   0.0000
      53  0/18:26:01.0  00:01:56.0      10         4         1        1       0.000      0      2.401E-08  -0.9993   0.0370
      54  0/18:26:01.0  00:01:56.0      10         6         1        1       0.000      0      1.650E-08   0.9995  -0.0329
      55  0/18:28:58.0  00:02:00.0      11         1         1        1       0.000      0      5.213E-09  -0.1484  -0.9889
      56  0/18:28:58.0  00:02:00.0      11         2         1        1       0.000      0      0.000E+00   1.0000   0.0000
      57  0/18:28:58.0  00:02:00.0      11         4         1        1       0.000      0      2.397E-08  -0.8825   0.4704
      58  0/18:28:58.0  00:02:00.0      11         6         1        1       0.000      0      1.642E-08   0.6828   0.7306
      59  0/18:32:13.0  00:01:28.0      12         1         1        1       0.000      0      4.845E-09   0.5241  -0.8517
      60  0/18:32:13.0  00:01:28.0      12         2         1        1       0.000      0      0.000E+00   1.0000   0.0000
      61  0/18:32:13.0  00:01:28.0      12         4         1        1       0.000      0      2.393E-08  -0.8088  -0.5881
      62  0/18:35:01.0  00:01:56.0      13         1         1        1       0.000      0      5.039E-09  -0.6810   0.7323
      63  0/18:35:01.0  00:01:56.0      13         2         1        1       0.000      0      0.000E+00   1.0000   0.0000
      64  0/18:35:01.0  00:01:56.0      13         4         1        1       0.000      0      2.391E-08   0.6087  -0.7934
      65  0/18:35:01.0  00:01:56.0      13         6         1        1       0.000      0      1.618E-08   0.6818   0.7315
      66  0/18:37:38.0  00:01:42.0      14         1         1        1       0.000      0      5.256E-09  -0.7522   0.6590
      67  0/18:37:38.0  00:01:42.0      14         2         1        1       0.000      0      0.000E+00   1.0000   0.0000
      68  0/18:37:38.0  00:01:42.0      14         4         1        1       0.000      0      2.383E-08  -0.4087   0.9127
      69  0/18:37:38.0  00:01:42.0      14         6         1        1       0.000      0      1.644E-08  -0.3346   0.9424
      70  0/18:41:14.0  00:01:22.0      15         1         1        1       0.000      0      3.973E-09   0.2063  -0.9785
      71  0/18:41:14.0  00:01:22.0      15         2         1        1       0.000      0      0.000E+00   1.0000   0.0000
      72  0/18:43:30.0  00:02:58.0      17         1         1        1       0.000      0      5.032E-09  -0.7051   0.7091
      73  0/18:43:30.0  00:02:58.0      17         2         1        1       0.000      0      0.000E+00   1.0000   0.0000
      74  0/18:43:30.0  00:02:58.0      17         4         1        1       0.000      0      2.363E-08  -0.2516  -0.9678
      75  0/18:43:30.0  00:02:58.0      17         6         1        1       0.000      0      1.614E-08   0.8563  -0.5165
      76  1/01:18:54.0  00:02:08.0      17         1         1        1       0.000      0      3.721E-09  -0.9385  -0.3452
      77  1/01:18:54.0  00:02:08.0      17         2         1        1       0.000      0      0.000E+00   1.0000   0.0000
      78  1/01:18:54.0  00:02:08.0      17         4         1        1       0.000      0      1.531E-08  -0.7236  -0.6902
      79  1/01:18:54.0  00:02:08.0      17         5         1        1       0.000      0      1.593E-08   0.4755  -0.8797
      80  1/01:21:44.0  00:02:26.0      18         1         1        1       0.000      0      3.888E-09  -0.8639   0.5037
      81  1/01:21:44.0  00:02:26.0      18         2         1        1       0.000      0      0.000E+00   1.0000   0.0000
      82  1/01:21:44.0  00:02:26.0      18         4         1        1       0.000      0      1.500E-08  -0.1554  -0.9879
      83  1/01:21:44.0  00:02:26.0      18         5         1        1       0.000      0      1.597E-08  -0.9584   0.2855
      84  1/01:24:47.0  00:02:22.0       2         1         1        1       0.000      0      3.671E-09   0.5598   0.8286
      85  1/01:24:47.0  00:02:22.0       2         2         1        1       0.000      0      0.000E+00   1.0000   0.0000
      86  1/01:24:47.0  00:02:22.0       2         4         1        1       0.000      0      1.520E-08  -0.3678  -0.9299
      87  1/01:24:47.0  00:02:22.0       2         5         1        1       0.000      0      1.574E-08   0.8961   0.4439
      88  1/01:27:29.0  00:01:34.0      19         1         1        1       0.000      0      3.679E-09  -0.9929   0.1187
      89  1/01:27:29.0  00:01:34.0      19         4         1        1       0.000      0      1.500E-08   0.7954   0.6061
      90  1/01:27:29.0  00:01:34.0      19         5         1        1       0.000      0      1.560E-08  -0.7697  -0.6384
      91  1/01:29:08.0  00:01:40.0      19         1         1        1       0.000      0      3.685E-09  -0.8516  -0.5242
      92  1/01:29:08.0  00:01:40.0      19         4         1        1       0.000      0      1.511E-08  -0.2837  -0.9589
      93  1/01:29:08.0  00:01:40.0      19         5         1        1       0.000      0      1.565E-08  -0.2942   0.9557
      94  1/01:31:53.0  00:02:12.0      20         1         1        1       0.000      0      3.693E-09  -0.7692  -0.6390
      95  1/01:31:53.0  00:02:12.0      20         4         1        1       0.000      0      1.509E-08  -0.6152  -0.7884
      96  1/01:31:53.0  00:02:12.0      20         5         1        1       0.000      0      1.558E-08   0.8617   0.5075
      97  1/01:31:53.0  00:02:12.0      20         6         1        1       0.000      0      1.061E-08   0.9040   0.4275
      98  1/01:34:54.0  00:02:10.0      21         1         1        1       0.000      0      3.703E-09  -0.8494   0.5277
      99  1/01:34:54.0  00:02:10.0      21         2         1        1       0.000      0      0.000E+00   1.0000   0.0000
     100  1/01:34:54.0  00:02:10.0      21         4         1        1       0.000      0      1.455E-08  -0.7750   0.6319
     101  1/01:34:54.0  00:02:10.0      21         5         1        1       0.000      0      1.578E-08   0.5971   0.8022
     102  1/01:38:25.0  00:01:08.0      22         1         1        1       0.000      0      3.650E-09  -0.9327  -0.3608
     103  1/01:38:25.0  00:01:08.0      22         2         1        1       0.000      0      0.000E+00   1.0000   0.0000
     104  1/01:38:25.0  00:01:08.0      22         4         1        1       0.000      0      1.501E-08   0.9878  -0.1556
     105  1/01:38:25.0  00:01:08.0      22         5         1        1       0.000      0      1.556E-08  -0.9993   0.0370
     106  1/01:38:25.0  00:01:08.0      22         6         1        1       0.000      0      1.065E-08  -0.9859  -0.1674
     107  1/01:41:36.0  00:02:46.0      23         1         1        1       0.000      0      3.617E-09  -0.9290  -0.3702
     108  1/01:41:36.0  00:02:46.0      23         2         1        1       0.000      0      0.000E+00   1.0000   0.0000
     109  1/01:41:36.0  00:02:46.0      23         4         1        1       0.000      0      1.474E-08  -0.7087   0.7055
     110  1/01:41:36.0  00:02:46.0      23         5         1        1       0.000      0      1.536E-08   0.8529  -0.5220
     111  1/01:45:09.0  00:01:42.0      24         2         1        1       0.000      0      0.000E+00   1.0000   0.0000
     112  1/01:45:09.0  00:01:42.0      24         4         1        1       0.000      0      1.456E-08  -0.9792  -0.2028
     113  1/01:46:59.0  00:01:54.0      24         2         1        1       0.000      0      0.000E+00   1.0000   0.0000
     114  1/01:46:59.0  00:01:54.0      24         4         1        1       0.000      0      1.461E-08  -0.5476   0.8368
     115  1/01:49:45.0  00:02:20.0      25         2         1        1       0.000      0      0.000E+00   1.0000   0.0000
     116  1/01:49:45.0  00:02:20.0      25         4         1        1       0.000      0      1.458E-08   0.1422  -0.9898
     117  1/01:52:55.0  00:02:08.0      26         1         1        1       0.000      0      3.801E-09   0.9989   0.0461
     118  1/01:52:55.0  00:02:08.0      26         2         1        1       0.000      0      0.000E+00   1.0000   0.0000
     119  1/01:52:55.0  00:02:08.0      26         5         1        1       0.000      0      1.530E-08  -0.8668   0.4987
     120  1/01:55:36.0  00:02:44.0      27         1         1        1       0.000      0      3.600E-09   0.2593  -0.9658
     121  1/01:55:36.0  00:02:44.0      27         2         1        1       0.000      0      0.000E+00   1.0000   0.0000
     122  1/01:55:36.0  00:02:44.0      27         5         1        1       0.000      0      1.501E-08   0.3872  -0.9220
     123  1/01:58:38.0  00:02:42.0      28         1         1        1       0.000      0      3.588E-09   0.7834   0.6215
     124  1/01:58:38.0  00:02:42.0      28         2         1        1       0.000      0      0.000E+00   1.0000   0.0000
     125  1/01:58:38.0  00:02:42.0      28         4         1        1       0.000      0      1.483E-08  -0.9992  -0.0409
     126  1/01:58:38.0  00:02:42.0      28         5         1        1       0.000      0      1.481E-08  -0.2994  -0.9541
     127  1/05:34:52.0  00:01:10.0      29         1         1        1       0.000      0      2.565E-09   0.7980   0.6026
     128  1/05:34:52.0  00:01:10.0      29         2         1        1       0.000      0      0.000E+00   1.0000   0.0000
     129  1/05:34:52.0  00:01:10.0      29         5         1        1       0.000      0      1.047E-08   0.8151   0.5793
     130  1/05:36:13.0  00:01:28.0      29         1         1        1       0.000      0      2.821E-09   0.8717   0.4900
     131  1/05:36:13.0  00:01:28.0      29         2         1        1       0.000      0      0.000E+00   1.0000   0.0000
     132  1/05:36:13.0  00:01:28.0      29         5         1        1       0.000      0      1.062E-08   0.9854  -0.1704
     133  1/05:38:09.0  00:01:40.0      30         1         1        1       0.000      0      2.718E-09   0.2016   0.9795
     134  1/05:38:09.0  00:01:40.0      30         2         1        1       0.000      0      0.000E+00   1.0000   0.0000
     135  1/05:38:09.0  00:01:40.0      30         5         1        1       0.000      0      1.044E-08  -0.8333   0.5528
     136  1/05:40:30.0  00:02:58.0      41         1         1        1       0.000      0      2.872E-09   0.9067   0.4218
     137  1/05:40:30.0  00:02:58.0      41         2         1        1       0.000      0      0.000E+00   1.0000   0.0000
     138  1/05:40:30.0  00:02:58.0      41         4         1        1       0.000      0      1.023E-08   0.9754  -0.2206
     139  1/05:40:30.0  00:02:58.0      41         5         1        1       0.000      0      1.079E-08  -0.4230   0.9061
     140  1/05:40:30.0  00:02:58.0      41         6         1        1       0.000      0      7.412E-09   0.0947  -0.9955
     141  1/05:43:50.0  00:02:16.0      31         1         1        1       0.000      0      2.786E-09   0.5981   0.8014
     142  1/05:43:50.0  00:02:16.0      31         2         1        1       0.000      0      0.000E+00   1.0000   0.0000
     143  1/05:43:50.0  00:02:16.0      31         4         1        1       0.000      0      9.961E-09  -0.1513   0.9885
     144  1/05:43:50.0  00:02:16.0      31         5         1        1       0.000      0      1.058E-08   0.8447  -0.5352
     145  1/05:43:50.0  00:02:16.0      31         6         1        1       0.000      0      7.285E-09  -0.9574  -0.2886
     146  1/05:47:49.0  00:01:20.0      32         1         1        1       0.000      0      2.375E-09   0.6268  -0.7792
     147  1/05:47:49.0  00:01:20.0      32         2         1        1       0.000      0      0.000E+00   1.0000   0.0000
     148  1/05:47:49.0  00:01:20.0      32         4         1        1       0.000      0      9.522E-09  -0.1323   0.9912
     149  1/05:47:49.0  00:01:20.0      32         5         1        1       0.000      0      9.952E-09  -0.9747  -0.2235
     150  1/05:49:58.0  00:02:02.0      33         1         1        1       0.000      0      2.351E-09  -0.7010   0.7131
     151  1/05:49:58.0  00:02:02.0      33         2         1        1       0.000      0      0.000E+00   1.0000   0.0000
     152  1/05:49:58.0  00:02:02.0      33         4         1        1       0.000      0      9.419E-09  -0.8903  -0.4554
     153  1/05:49:58.0  00:02:02.0      33         5         1        1       0.000      0      9.878E-09  -0.8582  -0.5132
     154  1/05:49:58.0  00:02:02.0      33         6         1        1       0.000      0      6.696E-09   0.7293  -0.6842
     155  1/05:52:45.0  00:02:24.0      34         1         1        1       0.000      0      2.070E-09  -0.9092   0.4164
     156  1/05:52:45.0  00:02:24.0      34         2         1        1       0.000      0      0.000E+00   1.0000   0.0000
     157  1/05:52:45.0  00:02:24.0      34         4         1        1       0.000      0      9.107E-09   0.5610   0.8278
     158  1/05:52:45.0  00:02:24.0      34         5         1        1       0.000      0      9.571E-09   0.6076   0.7943
     159  1/05:55:43.0  00:02:32.0      35         1         1        1       0.000      0      1.825E-09  -0.8646  -0.5025
     160  1/05:55:43.0  00:02:32.0      35         2         1        1       0.000      0      0.000E+00   1.0000   0.0000
     161  1/05:55:43.0  00:02:32.0      35         4         1        1       0.000      0      8.618E-09   0.9250  -0.3800
     162  1/05:55:43.0  00:02:32.0      35         5         1        1       0.000      0      9.177E-09  -0.3916  -0.9201
     163  1/05:59:08.0  00:01:34.0      36         1         1        1       0.000      0      2.391E-09  -0.3422  -0.9396
     164  1/05:59:08.0  00:01:34.0      36         4         1        1       0.000      0      9.102E-09   0.8619   0.5070
     165  1/06:01:15.0  00:01:20.0      37         2         1        1       0.000      0      0.000E+00   1.0000   0.0000
     166  1/06:01:15.0  00:01:20.0      37         5         1        1       0.000      0      1.070E-08  -0.8320   0.5548
     167  1/06:02:42.0  00:01:30.0      37         1         1        1       0.000      0      2.983E-09   0.9002  -0.4355
     168  1/06:02:42.0  00:01:30.0      37         2         1        1       0.000      0      0.000E+00   1.0000   0.0000
     169  1/06:02:42.0  00:01:30.0      37         5         1        1       0.000      0      1.045E-08   0.6865   0.7271
     170  1/06:05:03.0  00:01:52.0      38         1         1        1       0.000      0      2.616E-09  -0.6362   0.7715
     171  1/06:05:03.0  00:01:52.0      38         2         1        1       0.000      0      0.000E+00   1.0000   0.0000
     172  1/06:05:03.0  00:01:52.0      38         5         1        1       0.000      0      1.036E-08  -0.8382  -0.5454
     173  1/06:07:30.0  00:02:58.0      42         1         1        1       0.000      0      2.303E-09  -0.9132   0.4076
     174  1/06:07:30.0  00:02:58.0      42         2         1        1       0.000      0      0.000E+00   1.0000   0.0000
     175  1/06:07:30.0  00:02:58.0      42         4         1        1       0.000      0      9.354E-09   0.5858  -0.8105
     176  1/06:07:30.0  00:02:58.0      42         5         1        1       0.000      0      9.846E-09   0.9210  -0.3896
     177  1/06:07:30.0  00:02:58.0      42         6         1        1       0.000      0      6.743E-09   0.9280  -0.3726
     178  1/06:10:48.0  00:02:20.0      39         1         1        1       0.000      0      2.452E-09   0.8977   0.4405
     179  1/06:10:48.0  00:02:20.0      39         2         1        1       0.000      0      0.000E+00   1.0000   0.0000
     180  1/06:10:48.0  00:02:20.0      39         4         1        1       0.000      0      8.984E-09   0.8823   0.4706
     181  1/06:10:48.0  00:02:20.0      39         5         1        1       0.000      0      1.019E-08   0.7165  -0.6976
     182  1/06:14:21.0  00:01:14.0      40         1         1        1       0.000      0      2.583E-09   0.0891   0.9960
     183  1/06:14:21.0  00:01:14.0      40         2         1        1       0.000      0      0.000E+00   1.0000   0.0000
     184  1/06:14:21.0  00:01:14.0      40         4         1        1       0.000      0      9.505E-09   0.9785  -0.2063
     185  1/06:14:21.0  00:01:14.0      40         5         1        1       0.000      0      9.900E-09  -0.2937   0.9559
     186  1/06:14:21.0  00:01:14.0      40         6         1        1       0.000      0      6.935E-09  -0.5108   0.8597
     187  1/09:21:16.0  00:00:22.0      43         1         1        1       0.000      0      1.002E-09  -0.8145  -0.5801
     188  1/09:21:16.0  00:00:22.0      43         2         1        1       0.000      0      0.000E+00   1.0000   0.0000
     189  1/09:21:16.0  00:00:22.0      43         4         1        1       0.000      0      4.539E-09  -0.1251  -0.9921
     190  1/09:23:50.0  00:01:18.0      44         1         1        1       0.000      0      1.879E-09  -0.6900   0.7239
     191  1/09:23:50.0  00:01:18.0      44         2         1        1       0.000      0      0.000E+00   1.0000   0.0000
     192  1/09:23:50.0  00:01:18.0      44         4         1        1       0.000      0      5.544E-09   0.7911   0.6116
     193  1/09:23:50.0  00:01:18.0      44         5         1        1       0.000      0      5.985E-09  -0.2494  -0.9684
     194  1/09:27:22.0  00:01:12.0      40         1         1        1       0.000      0      1.798E-09   0.0628  -0.9980
     195  1/09:27:22.0  00:01:12.0      40         2         1        1       0.000      0      0.000E+00   1.0000   0.0000
     196  1/09:27:22.0  00:01:12.0      40         4         1        1       0.000      0      5.519E-09  -0.9522   0.3056
     197  1/09:27:22.0  00:01:12.0      40         5         1        1       0.000      0      5.828E-09  -0.9386  -0.3451
     198  1/09:29:51.0  00:02:14.0      45         1         1        1       0.000      0      1.574E-09  -0.8416  -0.5401
     199  1/09:29:51.0  00:02:14.0      45         2         1        1       0.000      0      0.000E+00   1.0000   0.0000
     200  1/09:29:51.0  00:02:14.0      45         4         1        1       0.000      0      5.225E-09  -0.7888  -0.6146
     201  1/09:29:51.0  00:02:14.0      45         5         1        1       0.000      0      5.722E-09  -0.4451  -0.8955
     202  1/09:32:34.0  00:01:48.0      46         1         1        1       0.000      0      1.556E-09  -0.8501  -0.5267
     203  1/09:32:34.0  00:01:48.0      46         2         1        1       0.000      0      0.000E+00   1.0000   0.0000
     204  1/09:32:34.0  00:01:48.0      46         4         1        1       0.000      0      5.081E-09   0.5997  -0.8002
     205  1/09:32:34.0  00:01:48.0      46         5         1        1       0.000      0      5.533E-09   0.9468   0.3219
     206  1/09:35:26.0  00:02:06.0      47         1         1        1       0.000      0      1.634E-09   0.3129   0.9498
     207  1/09:35:26.0  00:02:06.0      47         2         1        1       0.000      0      0.000E+00   1.0000   0.0000
     208  1/09:35:26.0  00:02:06.0      47         4         1        1       0.000      0      5.561E-09  -0.8058   0.5922
     209  1/09:35:26.0  00:02:06.0      47         5         1        1       0.000      0      5.681E-09   0.9503   0.3113
     210  1/09:35:26.0  00:02:06.0      47         6         1        1       0.000      0      4.029E-09   0.3436   0.9391
     211  1/09:38:03.0  00:01:52.0      48         1         1        1       0.000      0      1.488E-09  -0.1970   0.9804
     212  1/09:38:03.0  00:01:52.0      48         2         1        1       0.000      0      0.000E+00   1.0000   0.0000
     213  1/09:38:03.0  00:01:52.0      48         4         1        1       0.000      0      5.301E-09   1.0000  -0.0022
     214  1/09:38:03.0  00:01:52.0      48         5         1        1       0.000      0      5.562E-09   0.4586  -0.8887
     215  1/09:40:08.0  00:01:30.0      49         1         1        1       0.000      0      1.462E-09   0.5113   0.8594
     216  1/09:40:08.0  00:01:30.0      49         2         1        1       0.000      0      0.000E+00   1.0000   0.0000
     217  1/09:40:08.0  00:01:30.0      49         4         1        1       0.000      0      4.944E-09  -0.5865  -0.8099
     218  1/09:40:08.0  00:01:30.0      49         5         1        1       0.000      0      5.552E-09  -0.4922   0.8705
     219  1/09:41:41.0  00:01:32.0      49         1         1        1       0.000      0      1.715E-09   0.3595   0.9331
     220  1/09:41:41.0  00:01:32.0      49         2         1        1       0.000      0      0.000E+00   1.0000   0.0000
     221  1/09:41:41.0  00:01:32.0      49         4         1        1       0.000      0      5.477E-09  -0.7824   0.6228
     222  1/09:41:41.0  00:01:32.0      49         5         1        1       0.000      0      5.726E-09   0.6718   0.7408
     223  1/09:44:04.0  00:01:48.0      50         1         1        1       0.000      0      1.601E-09   0.9282   0.3722
     224  1/09:44:04.0  00:01:48.0      50         2         1        1       0.000      0      0.000E+00   1.0000   0.0000
     225  1/09:44:04.0  00:01:48.0      50         4         1        1       0.000      0      5.578E-09   0.7447  -0.6674
     226  1/09:44:04.0  00:01:48.0      50         5         1        1       0.000      0      5.614E-09  -0.5900   0.8074
     227  1/09:47:08.0  00:01:40.0      32         1         1        1       0.000      0      1.536E-09  -0.4906   0.8714
     228  1/09:47:08.0  00:01:40.0      32         2         1        1       0.000      0      0.000E+00   1.0000   0.0000
     229  1/09:47:08.0  00:01:40.0      32         4         1        1       0.000      0      5.170E-09  -0.8704   0.4924
     230  1/09:47:08.0  00:01:40.0      32         5         1        1       0.000      0      5.427E-09  -0.9988   0.0481
     231  1/09:49:28.0  00:01:58.0      51         1         1        1       0.000      0      1.471E-09   0.9287   0.3708
     232  1/09:49:28.0  00:01:58.0      51         2         1        1       0.000      0      0.000E+00   1.0000   0.0000
     233  1/09:49:28.0  00:01:58.0      51         4         1        1       0.000      0      5.029E-09   0.6182  -0.7860
     234  1/09:49:28.0  00:01:58.0      51         5         1        1       0.000      0      5.106E-09   0.6962  -0.7178
     235  1/09:54:23.0  00:01:12.0      52         1         1        1       0.000      0      1.170E-09   0.9853   0.1708
     236  1/09:54:23.0  00:01:12.0      52         2         1        1       0.000      0      0.000E+00   1.0000   0.0000
     237  1/09:54:23.0  00:01:12.0      52         4         1        1       0.000      0      4.642E-09  -0.9894  -0.1453
     238  1/09:54:23.0  00:01:12.0      52         5         1        1       0.000      0      4.651E-09  -0.9946   0.1037
     239  1/09:56:29.0  00:01:56.0      53         1         1        1       0.000      0      7.749E-10   0.9931  -0.1170
     240  1/09:56:29.0  00:01:56.0      53         2         1        1       0.000      0      0.000E+00   1.0000   0.0000
     241  1/09:56:29.0  00:01:56.0      53         4         1        1       0.000      0      4.146E-09  -0.7923   0.6102
     242  1/09:56:29.0  00:01:56.0      53         5         1        1       0.000      0      4.229E-09   0.9397   0.3421
     243  1/09:59:01.0  00:01:54.0       5         1         1        1       0.000      0      7.687E-10  -0.3106   0.9506
     244  1/09:59:01.0  00:01:54.0       5         4         1        1       0.000      0      4.180E-09   0.9569  -0.2905
     245  1/09:59:01.0  00:01:54.0       5         5         1        1       0.000      0      4.335E-09  -0.0124  -0.9999
     246  1/13:35:03.0  00:01:50.0      54         1         1        1       0.000      0      2.431E-10  -0.8422   0.5392
     247  1/13:35:03.0  00:01:50.0      54         2         1        1       0.000      0      0.000E+00   1.0000   0.0000
     248  1/13:35:03.0  00:01:50.0      54         4         1        1       0.000      0      2.751E-12  -0.1316   0.9913
     249  1/13:35:03.0  00:01:50.0      54         5         1        1       0.000      0      3.191E-10   0.5177  -0.8556
     250  1/13:41:04.0  00:01:48.0      56         1         1        1       0.000      0      4.355E-10   0.9982   0.0599
     251  1/13:41:04.0  00:01:48.0      56         4         1        1       0.000      0      3.360E-10  -0.9972  -0.0750
     252  1/13:41:04.0  00:01:48.0      56         5         1        1       0.000      0      2.750E-10   0.9821   0.1883
     253  1/13:45:12.0  00:01:30.0      57         1         1        1       0.000      0      5.676E-10  -0.2219  -0.9751
     254  1/13:45:12.0  00:01:30.0      57         2         1        1       0.000      0      0.000E+00   1.0000   0.0000
     255  1/13:45:12.0  00:01:30.0      57         4         1        1       0.000      0      2.150E-10   0.5800   0.8146
     256  1/13:45:12.0  00:01:30.0      57         5         1        1       0.000      0      6.584E-10  -0.1838  -0.9830
     257  1/13:47:56.0  00:02:02.0      58         1         1        1       0.000      0      3.817E-10   0.9998  -0.0180
     258  1/13:47:56.0  00:02:02.0      58         2         1        1       0.000      0      0.000E+00   1.0000   0.0000
     259  1/13:47:56.0  00:02:02.0      58         4         1        1       0.000      0      1.427E-10   0.0937   0.9956
     260  1/13:47:56.0  00:02:02.0      58         5         1        1       0.000      0      3.413E-10  -0.3556   0.9346
     261  1/13:51:35.0  00:01:46.0      52         1         1        1       0.000      0      4.654E-10  -0.5485  -0.8361
     262  1/13:51:35.0  00:01:46.0      52         2         1        1       0.000      0      0.000E+00   1.0000   0.0000
     263  1/13:51:35.0  00:01:46.0      52         4         1        1       0.000      0      9.774E-11  -0.9934  -0.1148
     264  1/13:51:35.0  00:01:46.0      52         5         1        1       0.000      0      3.197E-10   0.2015   0.9795
     265  1/13:51:35.0  00:01:46.0      52         6         1        1       0.000      0      7.196E-10   0.0883  -0.9961
     266  1/13:54:37.0  00:01:44.0      59         1         1        1       0.000      0      3.872E-10  -0.7026   0.7116
     267  1/13:54:37.0  00:01:44.0      59         2         1        1       0.000      0      0.000E+00   1.0000   0.0000
     268  1/13:54:37.0  00:01:44.0      59         4         1        1       0.000      0     -6.726E-11  -0.2098  -0.9778
     269  1/13:54:37.0  00:01:44.0      59         5         1        1       0.000      0      2.158E-10  -0.1958   0.9806
     270  1/13:54:37.0  00:01:44.0      59         6         1        1       0.000      0      5.048E-10   0.5865  -0.8099
     271  1/13:56:36.0  00:01:46.0       5         1         1        1       0.000      0      3.376E-10   0.0211   0.9998
     272  1/13:56:36.0  00:01:46.0       5         2         1        1       0.000      0      0.000E+00   1.0000   0.0000
     273  1/13:56:36.0  00:01:46.0       5         4         1        1       0.000      0     -5.161E-11  -0.8692   0.4945
     274  1/13:56:36.0  00:01:46.0       5         5         1        1       0.000      0      2.347E-10   0.9995  -0.0314
     275  1/13:56:36.0  00:01:46.0       5         6         1        1       0.000      0      4.216E-10  -0.6813  -0.7320
     276  1/13:59:31.0  00:01:56.0      60         1         1        1       0.000      0      3.233E-10  -0.3675  -0.9300
     277  1/13:59:31.0  00:01:56.0      60         2         1        1       0.000      0      0.000E+00   1.0000   0.0000
     278  1/13:59:31.0  00:01:56.0      60         4         1        1       0.000      0     -9.937E-11   0.9908   0.1351
     279  1/13:59:31.0  00:01:56.0      60         5         1        1       0.000      0     -2.771E-11   0.7475  -0.6643
     280  1/13:59:31.0  00:01:56.0      60         6         1        1       0.000      0      2.671E-10   0.8286   0.5598
     281  1/14:02:40.0  00:01:38.0       7         1         1        1       0.000      0      4.039E-10   0.2331   0.9725
     282  1/14:02:40.0  00:01:38.0       7         2         1        1       0.000      0      0.000E+00   1.0000   0.0000
     283  1/14:02:40.0  00:01:38.0       7         4         1        1       0.000      0     -2.143E-10   0.9213   0.3889
     284  1/14:02:40.0  00:01:38.0       7         5         1        1       0.000      0      5.247E-11  -0.6301   0.7765
     285  1/14:02:40.0  00:01:38.0       7         6         1        1       0.000      0      4.898E-10  -0.9840   0.1780
     286  1/14:05:05.0  00:01:48.0       9         1         1        1       0.000      0      6.545E-10   0.4774  -0.8787
     287  1/14:05:05.0  00:01:48.0       9         2         1        1       0.000      0      0.000E+00   1.0000   0.0000
     288  1/14:05:05.0  00:01:48.0       9         4         1        1       0.000      0      7.986E-11  -0.9381  -0.3463
     289  1/14:05:05.0  00:01:48.0       9         5         1        1       0.000      0      3.069E-10  -0.9915  -0.1301
     290  1/14:05:05.0  00:01:48.0       9         6         1        1       0.000      0      7.659E-10  -0.1436  -0.9896
     291  1/14:08:09.0  00:01:40.0      10         1         1        1       0.000      0      2.008E-10  -0.2430   0.9700
     292  1/14:08:09.0  00:01:40.0      10         2         1        1       0.000      0      0.000E+00   1.0000   0.0000
     293  1/14:08:09.0  00:01:40.0      10         4         1        1       0.000      0     -4.711E-10   0.5276   0.8495
     294  1/14:08:09.0  00:01:40.0      10         5         1        1       0.000      0     -2.782E-10   0.4147   0.9100
     295  1/14:08:09.0  00:01:40.0      10         6         1        1       0.000      0      1.749E-10   0.8017  -0.5977
     296  1/14:10:55.0  00:02:06.0      11         1         1        1       0.000      0     -1.188E-10   0.9858  -0.1681
     297  1/14:10:55.0  00:02:06.0      11         2         1        1       0.000      0      0.000E+00   1.0000   0.0000
     298  1/14:10:55.0  00:02:06.0      11         4         1        1       0.000      0     -7.313E-10  -0.5358   0.8444
     299  1/14:10:55.0  00:02:06.0      11         5         1        1       0.000      0     -8.113E-10   0.5824   0.8129
     300  1/14:13:53.0  00:02:12.0      61         1         1        1       0.000      0     -1.188E-10   0.9865   0.1641
     301  1/14:13:53.0  00:02:12.0      61         4         1        1       0.000      0     -4.450E-10   0.7953   0.6062
     302  1/14:13:53.0  00:02:12.0      61         5         1        1       0.000      0     -9.730E-10  -0.9540   0.2998
     303  1/17:19:30.0  00:00:52.0      18         2         1        1       0.000      0      0.000E+00   1.0000   0.0000
     304  1/17:19:30.0  00:00:52.0      18         4         1        1       0.000      0     -3.763E-09  -0.2888   0.9574
     305  1/17:19:30.0  00:00:52.0      18         5         1        1       0.000      0     -4.251E-09   0.2411  -0.9705
     306  1/17:21:51.0  00:02:10.0       2         2         1        1       0.000      0      0.000E+00   1.0000   0.0000
     307  1/17:21:51.0  00:02:10.0       2         4         1        1       0.000      0     -4.420E-09   0.9961  -0.0887
     308  1/17:21:51.0  00:02:10.0       2         5         1        1       0.000      0     -4.413E-09  -0.1962  -0.9806
     309  1/17:24:26.0  00:01:00.0      20         4         1        1       0.000      0     -4.337E-09  -0.6633   0.7484
     310  1/17:24:26.0  00:01:00.0      20         5         1        1       0.000      0     -6.046E-09   0.3929   0.9196
     311  1/17:30:30.0  00:01:56.0      11         2         1        1       0.000      0      0.000E+00   1.0000   0.0000
     312  1/17:30:30.0  00:01:56.0      11         4         1        1       0.000      0     -4.144E-09   0.6315   0.7754
     313  1/17:30:30.0  00:01:56.0      11         5         1        1       0.000      0     -4.075E-09   0.1917   0.9814
     314  1/17:30:30.0  00:01:56.0      11         6         1        1       0.000      0     -2.104E-09   0.8579   0.5139
     315  1/17:33:31.0  00:01:54.0      62         2         1        1       0.000      0      0.000E+00   1.0000   0.0000
     316  1/17:33:31.0  00:01:54.0      62         4         1        1       0.000      0     -4.175E-09   0.0764   0.9971
     317  1/17:33:31.0  00:01:54.0      62         5         1        1       0.000      0     -3.938E-09   0.2512   0.9679
     318  1/17:33:31.0  00:01:54.0      62         6         1        1       0.000      0     -2.146E-09   0.6013  -0.7991
     319  1/17:36:08.0  00:01:36.0      12         2         1        1       0.000      0      0.000E+00   1.0000   0.0000
     320  1/17:36:08.0  00:01:36.0      12         4         1        1       0.000      0     -4.352E-09   0.8229   0.5682
     321  1/17:36:08.0  00:01:36.0      12         5         1        1       0.000      0     -4.334E-09  -0.8401  -0.5424
     322  1/17:38:42.0  00:01:32.0      13         2         1        1       0.000      0      0.000E+00   1.0000   0.0000
     323  1/17:38:42.0  00:01:32.0      13         4         1        1       0.000      0     -4.474E-09  -0.3446  -0.9387
     324  1/17:38:42.0  00:01:32.0      13         5         1        1       0.000      0     -4.379E-09  -0.3365  -0.9417
     325  1/17:38:42.0  00:01:32.0      13         6         1        1       0.000      0     -2.373E-09   0.8744  -0.4852
     326  1/17:40:47.0  00:01:24.0      63         2         1        1       0.000      0      0.000E+00   1.0000   0.0000
     327  1/17:40:47.0  00:01:24.0      63         4         1        1       0.000      0     -4.365E-09  -1.0000   0.0049
     328  1/17:40:47.0  00:01:24.0      63         5         1        1       0.000      0     -4.415E-09  -0.8717   0.4900
     329  1/17:40:47.0  00:01:24.0      63         6         1        1       0.000      0     -2.337E-09  -0.4884  -0.8726
     330  1/17:43:08.0  00:01:42.0      64         2         1        1       0.000      0      0.000E+00   1.0000   0.0000
     331  1/17:43:08.0  00:01:42.0      64         4         1        1       0.000      0     -4.521E-09  -0.9056  -0.4241
     332  1/17:43:08.0  00:01:42.0      64         5         1        1       0.000      0     -4.847E-09   0.9269  -0.3753
     333  1/17:43:08.0  00:01:42.0      64         6         1        1       0.000      0     -2.290E-09  -0.9712  -0.2384
     334  1/17:45:40.0  00:01:38.0      65         2         1        1       0.000      0      0.000E+00   1.0000   0.0000
     335  1/17:45:40.0  00:01:38.0      65         4         1        1       0.000      0     -4.539E-09  -0.9079  -0.4193
     336  1/17:45:40.0  00:01:38.0      65         5         1        1       0.000      0     -4.593E-09  -0.9842  -0.1769
     337  1/17:45:40.0  00:01:38.0      65         6         1        1       0.000      0     -2.404E-09  -0.9270  -0.3750
     338  1/17:48:15.0  00:01:20.0      66         2         1        1       0.000      0      0.000E+00   1.0000   0.0000
     339  1/17:48:15.0  00:01:20.0      66         4         1        1       0.000      0     -5.353E-09  -0.5524   0.8336
     340  1/17:48:15.0  00:01:20.0      66         5         1        1       0.000      0     -5.281E-09  -0.9907   0.1357
     341  1/17:50:18.0  00:01:18.0      67         2         1        1       0.000      0      0.000E+00   1.0000   0.0000
     342  1/17:50:18.0  00:01:18.0      67         4         1        1       0.000      0     -4.803E-09   0.6430  -0.7658
     343  1/17:50:18.0  00:01:18.0      67         5         1        1       0.000      0     -4.936E-09   0.9913  -0.1318
     344  1/17:50:18.0  00:01:18.0      67         6         1        1       0.000      0     -2.723E-09  -0.6785   0.7346
     345  1/17:53:10.0  00:01:32.0       3         4         1        1       0.000      0     -4.607E-09   0.9032  -0.4292
     346  1/17:53:10.0  00:01:32.0       3         5         1        1       0.000      0     -4.678E-09   0.7395  -0.6731
     347  1/17:57:39.0  00:00:32.0       4         2         1        1       0.000      0      0.000E+00   1.0000   0.0000
     348  1/17:57:39.0  00:00:32.0       4         4         1        1       0.000      0     -4.300E-09  -0.9684   0.2493
     349  1/17:57:39.0  00:00:32.0       4         5         1        1       0.000      0     -3.949E-09  -0.7266  -0.6870
     350  1/17:59:16.0  00:01:24.0       6         2         1        1       0.000      0      0.000E+00   1.0000   0.0000
     351  1/17:59:16.0  00:01:24.0       6         4         1        1       0.000      0     -3.597E-09  -0.7028   0.7114
     352  1/17:59:16.0  00:01:24.0       6         5         1        1       0.000      0     -4.013E-09   0.4337   0.9011
