       1  0/17:00:17.0  00:00:32.0       1         1         1        1       0.000      0      4.770E-09  -0.685  -0.7286
       1                                                                                                   -0.272  -0.9624
       2  0/17:00:17.0  00:00:32.0       1         6         1        1       0.000      0      1.714E-08  -0.938  -0.3457
       2                                                                                                    0.484  -0.8749
       3  0/17:10:30.0  00:00:58.0       1         2         1        1       0.000      0           INDE   1.000   0.0000
       3                                                                                                    1.000   0.0000
       4  0/17:10:30.0  00:00:58.0       1         4         1        1       0.000      0           INDE   1.000   0.0000
       4                                                                                                    1.000   0.0000
       5  0/17:13:30.0  00:02:58.0       1         2         1        1       0.000      0           INDE   1.000   0.0000
       5                                                                                                    1.000   0.0000
       6  0/17:13:30.0  00:02:58.0       1         4         1        1       0.000      0           INDE   1.000   0.0000
       6                                                                                                    1.000   0.0000
       7  0/17:17:30.0  00:02:58.0       1         2         1        1       0.000      0           INDE   1.000   0.0000
       7                                                                                                    1.000   0.0000
       8  0/17:17:30.0  00:02:58.0       1         4         1        1       0.000      0           INDE   1.000   0.0000
       8                                                                                                    1.000   0.0000
       9  0/17:21:30.0  00:02:58.0       1         2         1        1       0.000      0      0.000E+00   1.000   0.0000
       9                                                                                                    1.000   0.0000
      10  0/17:21:30.0  00:02:58.0       1         4         1        1       0.000      0      2.629E-08   0.825   0.5657
      10                                                                                                   -0.995  -0.1022
      11  0/17:25:28.0  00:02:54.0       1         2         1        1       0.000      0      0.000E+00   1.000   0.0000
      11                                                                                                    1.000   0.0000
      12  0/17:25:28.0  00:02:54.0       1         4         1        1       0.000      0      2.553E-08  -0.402   0.9154
      12                                                                                                   -0.160  -0.9872
      13  0/17:29:28.0  00:02:54.0       1         2         1        1       0.000      0      0.000E+00   1.000   0.0000
      13                                                                                                    1.000   0.0000
      14  0/17:29:28.0  00:02:54.0       1         4         1        1       0.000      0      2.544E-08   0.290  -0.9570
      14                                                                                                    0.286   0.9583
      15  0/17:33:28.0  00:02:54.0       1         2         1        1       0.000      0      0.000E+00   1.000   0.0000
      15                                                                                                    1.000   0.0000
      16  0/17:33:28.0  00:02:54.0       1         4         1        1       0.000      0      2.524E-08   0.349   0.9371
      16                                                                                                   -0.820  -0.5730
      17  0/17:37:29.0  00:02:56.0       1         2         1        1       0.000      0      0.000E+00   1.000   0.0000
      17                                                                                                    1.000   0.0000
      18  0/17:37:29.0  00:02:56.0       1         4         1        1       0.000      0      2.319E-08  -0.962   0.2737
      18                                                                                                    0.465  -0.8854
      19  0/17:41:28.0  00:02:54.0       1         2         1        1       0.000      0      0.000E+00   1.000   0.0000
      19                                                                                                    1.000   0.0000
      20  0/17:41:28.0  00:02:54.0       1         4         1        1       0.000      0      2.494E-08  -0.468  -0.8838
      20                                                                                                    0.901   0.4347
      21  0/17:45:08.0  00:02:14.0       1         2         1        1       0.000      0      0.000E+00   1.000   0.0000
      21                                                                                                    1.000   0.0000
      22  0/17:45:08.0  00:02:14.0       1         4         1        1       0.000      0      2.479E-08  -0.972   0.2342
      22                                                                                                    0.633  -0.7743
      23  0/17:49:28.0  00:02:54.0       1         2         1        1       0.000      0      0.000E+00   1.000   0.0000
      23                                                                                                    1.000   0.0000
      24  0/17:49:28.0  00:02:54.0       1         4         1        1       0.000      0      2.484E-08   0.634  -0.7732
      24                                                                                                   -0.042   0.9991
      25  0/18:00:59.0  00:01:56.0       2         1         1        1       0.000      0      4.770E-09  -0.986   0.1678
      25                                                                                                   -0.952  -0.3060
      26  0/18:00:59.0  00:01:56.0       2         2         1        1       0.000      0      0.000E+00   1.000   0.0000
      26                                                                                                    1.000   0.0000
      27  0/18:00:59.0  00:01:56.0       2         4         1        1       0.000      0      2.437E-08   0.222   0.9752
      27                                                                                                   -0.793  -0.6097
      28  0/18:03:53.0  00:01:06.0       3         1         1        1       0.000      0      3.999E-09   0.936   0.3521
      28                                                                                                    0.724   0.6902
      29  0/18:03:53.0  00:01:06.0       3         2         1        1       0.000      0      0.000E+00   1.000   0.0000
      29                                                                                                    1.000   0.0000
      30  0/18:03:53.0  00:01:06.0       3         4         1        1       0.000      0      2.462E-08   0.564   0.8258
      30                                                                                                   -0.954  -0.3008
      31  0/18:08:38.0  00:01:34.0       4         1         1        1       0.000      0      5.260E-09   0.121  -0.9927
      31                                                                                                    0.605  -0.7961
      32  0/18:08:38.0  00:01:34.0       4         2         1        1       0.000      0      0.000E+00   1.000   0.0000
      32                                                                                                    1.000   0.0000
      33  0/18:08:38.0  00:01:34.0       4         4         1        1       0.000      0      2.492E-08   0.961  -0.2758
      33                                                                                                   -0.609   0.7928
      34  0/18:11:08.0  00:01:36.0       5         1         1        1       0.000      0      5.183E-09  -0.806   0.5914
      34                                                                                                   -0.994   0.1115
      35  0/18:11:08.0  00:01:36.0       5         2         1        1       0.000      0      0.000E+00   1.000   0.0000
      35                                                                                                    1.000   0.0000
      36  0/18:11:08.0  00:01:36.0       5         4         1        1       0.000      0      2.456E-08  -0.387  -0.9220
      36                                                                                                    0.877   0.4799
      37  0/18:13:40.0  00:01:34.0       6         1         1        1       0.000      0      5.158E-09  -0.947   0.3224
      37                                                                                                   -0.982  -0.1892
      38  0/18:13:40.0  00:01:34.0       6         2         1        1       0.000      0      0.000E+00   1.000   0.0000
      38                                                                                                    1.000   0.0000
      39  0/18:13:40.0  00:01:34.0       6         4         1        1       0.000      0      2.490E-08   0.178  -0.9841
      39                                                                                                    0.443   0.8965
      40  0/18:16:34.0  00:01:48.0       7         1         1        1       0.000      0      5.353E-09   0.042   0.9991
      40                                                                                                   -0.476   0.8796
      41  0/18:16:34.0  00:01:48.0       7         2         1        1       0.000      0      0.000E+00   1.000   0.0000
      41                                                                                                    1.000   0.0000
      42  0/18:16:34.0  00:01:48.0       7         4         1        1       0.000      0      2.453E-08  -0.877   0.4798
      42                                                                                                    0.384  -0.9232
      43  0/18:16:34.0  00:01:48.0       7         6         1        1       0.000      0      1.674E-08  -0.392  -0.9199
      43                                                                                                    0.958  -0.2873
      44  0/18:19:41.0  00:01:30.0       8         1         1        1       0.000      0      5.192E-09   0.725  -0.6886
      44                                                                                                    0.972  -0.2354
      45  0/18:19:41.0  00:01:30.0       8         2         1        1       0.000      0      0.000E+00   1.000   0.0000
      45                                                                                                    1.000   0.0000
      46  0/18:19:41.0  00:01:30.0       8         4         1        1       0.000      0      2.560E-08  -0.574   0.8186
      46                                                                                                    0.044  -0.9990
      47  0/18:22:36.0  00:01:44.0       9         1         1        1       0.000      0      5.289E-09   0.995   0.0975
      47                                                                                                    0.808   0.5886
      48  0/18:22:36.0  00:01:44.0       9         2         1        1       0.000      0      0.000E+00   1.000   0.0000
      48                                                                                                    1.000   0.0000
      49  0/18:22:36.0  00:01:44.0       9         4         1        1       0.000      0      2.441E-08  -0.581   0.8141
      49                                                                                                   -0.069  -0.9976
      50  0/18:22:36.0  00:01:44.0       9         6         1        1       0.000      0      1.665E-08   0.903  -0.4300
      50                                                                                                    0.335   0.9424
      51  0/18:26:01.0  00:01:56.0      10         1         1        1       0.000      0      5.198E-09   0.817   0.5768
      51                                                                                                    0.420   0.9075
      52  0/18:26:01.0  00:01:56.0      10         2         1        1       0.000      0      0.000E+00   1.000   0.0000
      52                                                                                                    1.000   0.0000
      53  0/18:26:01.0  00:01:56.0      10         4         1        1       0.000      0      2.401E-08  -0.999   0.0370
      53                                                                                                    0.721  -0.6925
      54  0/18:26:01.0  00:01:56.0      10         6         1        1       0.000      0      1.650E-08   0.999  -0.0329
      54                                                                                                   -0.055   0.9985
      55  0/18:28:58.0  00:02:00.0      11         1         1        1       0.000      0      5.213E-09  -0.148  -0.9889
      55                                                                                                    0.366  -0.9305
      56  0/18:28:58.0  00:02:00.0      11         2         1        1       0.000      0      0.000E+00   1.000   0.0000
      56                                                                                                    1.000   0.0000
      57  0/18:28:58.0  00:02:00.0      11         4         1        1       0.000      0      2.397E-08  -0.882   0.4704
      57                                                                                                    0.342  -0.9398
      58  0/18:28:58.0  00:02:00.0      11         6         1        1       0.000      0      1.642E-08   0.683   0.7306
      58                                                                                                   -0.783   0.6224
      59  0/18:32:13.0  00:01:28.0      12         1         1        1       0.000      0      4.845E-09   0.524  -0.8517
      59                                                                                                    0.862  -0.5074
      60  0/18:32:13.0  00:01:28.0      12         2         1        1       0.000      0      0.000E+00   1.000   0.0000
      60                                                                                                    1.000   0.0000
      61  0/18:32:13.0  00:01:28.0      12         4         1        1       0.000      0      2.393E-08  -0.809  -0.5881
      61                                                                                                    0.994  -0.1072
      62  0/18:35:01.0  00:01:56.0      13         1         1        1       0.000      0      5.039E-09  -0.681   0.7323
      62                                                                                                   -0.951   0.3099
      63  0/18:35:01.0  00:01:56.0      13         2         1        1       0.000      0      0.000E+00   1.000   0.0000
      63                                                                                                    1.000   0.0000
      64  0/18:35:01.0  00:01:56.0      13         4         1        1       0.000      0      2.391E-08   0.609  -0.7934
      64                                                                                                    0.083   0.9965
      65  0/18:35:01.0  00:01:56.0      13         6         1        1       0.000      0      1.618E-08   0.682   0.7315
      65                                                                                                   -0.768   0.6401
      66  0/18:37:38.0  00:01:42.0      14         1         1        1       0.000      0      5.256E-09  -0.752   0.6590
      66                                                                                                   -0.982   0.1899
      67  0/18:37:38.0  00:01:42.0      14         2         1        1       0.000      0      0.000E+00   1.000   0.0000
      67                                                                                                    1.000   0.0000
      68  0/18:37:38.0  00:01:42.0      14         4         1        1       0.000      0      2.382E-08  -0.410   0.9123
      68                                                                                                   -0.319  -0.9476
      69  0/18:37:38.0  00:01:42.0      14         6         1        1       0.000      0      1.644E-08  -0.335   0.9423
      69                                                                                                   -0.912  -0.4109
      70  0/18:41:14.0  00:01:22.0      15         1         1        1       0.000      0      3.973E-09   0.206  -0.9785
      70                                                                                                    0.571  -0.8212
      71  0/18:41:14.0  00:01:22.0      15         2         1        1       0.000      0      0.000E+00   1.000   0.0000
      71                                                                                                    1.000   0.0000
      72  0/18:43:30.0  00:02:58.0      17         1         1        1       0.000      0      5.032E-09  -0.705   0.7091
      72                                                                                                   -0.960   0.2786
      73  0/18:43:30.0  00:02:58.0      17         2         1        1       0.000      0      0.000E+00   1.000   0.0000
      73                                                                                                    1.000   0.0000
      74  0/18:43:30.0  00:02:58.0      17         4         1        1       0.000      0      2.363E-08  -0.252  -0.9678
      74                                                                                                    0.853   0.5227
      75  0/18:43:30.0  00:02:58.0      17         6         1        1       0.000      0      1.614E-08   0.856  -0.5165
      75                                                                                                    0.472   0.8817
      76  1/01:18:54.0  00:02:08.0      17         1         1        1       0.000      0      3.721E-09  -0.939  -0.3452
      76                                                                                                   -0.748  -0.6643
      77  1/01:18:54.0  00:02:08.0      17         2         1        1       0.000      0      0.000E+00   1.000   0.0000
      77                                                                                                    1.000   0.0000
      78  1/01:18:54.0  00:02:08.0      17         4         1        1       0.000      0      1.531E-08  -0.724  -0.6902
      78                                                                                                    0.667  -0.7450
      79  1/01:18:54.0  00:02:08.0      17         5         1        1       0.000      0      1.593E-08   0.476  -0.8797
      79                                                                                                    0.865   0.5020
      80  1/01:21:44.0  00:02:26.0      18         1         1        1       0.000      0      3.888E-09  -0.864   0.5037
      80                                                                                                   -0.991   0.1366
      81  1/01:21:44.0  00:02:26.0      18         2         1        1       0.000      0      0.000E+00   1.000   0.0000
      81                                                                                                    1.000   0.0000
      82  1/01:21:44.0  00:02:26.0      18         4         1        1       0.000      0      1.500E-08  -0.155  -0.9879
      82                                                                                                    0.976  -0.2167
      83  1/01:21:44.0  00:02:26.0      18         5         1        1       0.000      0      1.597E-08  -0.958   0.2855
      83                                                                                                   -0.252  -0.9676
      84  1/01:24:47.0  00:02:22.0       2         1         1        1       0.000      0      3.671E-09   0.560   0.8286
      84                                                                                                    0.223   0.9748
      85  1/01:24:47.0  00:02:22.0       2         2         1        1       0.000      0      0.000E+00   1.000   0.0000
      85                                                                                                    1.000   0.0000
      86  1/01:24:47.0  00:02:22.0       2         4         1        1       0.000      0      1.520E-08  -0.368  -0.9299
      86                                                                                                    0.913  -0.4069
      87  1/01:24:47.0  00:02:22.0       2         5         1        1       0.000      0      1.574E-08   0.896   0.4439
      87                                                                                                   -0.454   0.8910
      88  1/01:27:29.0  00:01:34.0      19         1         1        1       0.000      0      3.679E-09  -0.993   0.1187
      88                                                                                                   -0.969  -0.2483
      89  1/01:27:29.0  00:01:34.0      19         4         1        1       0.000      0      1.500E-08   0.795   0.6060
      89                                                                                                   -0.555   0.8320
      90  1/01:27:29.0  00:01:34.0      19         5         1        1       0.000      0      1.560E-08  -0.770  -0.6383
      90                                                                                                    0.636  -0.7713
      91  1/01:29:08.0  00:01:40.0      19         1         1        1       0.000      0      3.685E-09  -0.852  -0.5242
      91                                                                                                   -0.604  -0.7969
      92  1/01:29:08.0  00:01:40.0      19         4         1        1       0.000      0      1.511E-08  -0.284  -0.9589
      92                                                                                                    0.943  -0.3328
      93  1/01:29:08.0  00:01:40.0      19         5         1        1       0.000      0      1.565E-08  -0.294   0.9558
      93                                                                                                   -0.955  -0.2966
      94  1/01:31:53.0  00:02:12.0      20         1         1        1       0.000      0      3.693E-09  -0.769  -0.6390
      94                                                                                                   -0.485  -0.8745
      95  1/01:31:53.0  00:02:12.0      20         4         1        1       0.000      0      1.509E-08  -0.615  -0.7882
      95                                                                                                    0.754  -0.6567
      96  1/01:31:53.0  00:02:12.0      20         5         1        1       0.000      0      1.558E-08   0.862   0.5067
      96                                                                                                   -0.503   0.8642
      97  1/01:31:53.0  00:02:12.0      20         6         1        1       0.000      0      1.061E-08   0.904   0.4276
      97                                                                                                    0.062   0.9981
      98  1/01:34:54.0  00:02:10.0      21         1         1        1       0.000      0      3.703E-09  -0.849   0.5277
      98                                                                                                   -0.983   0.1826
      99  1/01:34:54.0  00:02:10.0      21         2         1        1       0.000      0      0.000E+00   1.000   0.0000
      99                                                                                                    1.000   0.0000
     100  1/01:34:54.0  00:02:10.0      21         4         1        1       0.000      0      1.455E-08  -0.775   0.6319
     100                                                                                                   -0.712  -0.7021
     101  1/01:34:54.0  00:02:10.0      21         5         1        1       0.000      0      1.578E-08   0.597   0.8022
     101                                                                                                   -0.812   0.5841
     102  1/01:38:25.0  00:01:08.0      22         1         1        1       0.000      0      3.650E-09  -0.933  -0.3608
     102                                                                                                   -0.741  -0.6713
     103  1/01:38:25.0  00:01:08.0      22         2         1        1       0.000      0      0.000E+00   1.000   0.0000
     103                                                                                                    1.000   0.0000
     104  1/01:38:25.0  00:01:08.0      22         4         1        1       0.000      0      1.501E-08   0.988  -0.1556
     104                                                                                                    0.216   0.9763
     105  1/01:38:25.0  00:01:08.0      22         5         1        1       0.000      0      1.556E-08  -0.999   0.0370
     105                                                                                                   -0.043  -0.9991
     106  1/01:38:25.0  00:01:08.0      22         6         1        1       0.000      0      1.065E-08  -0.986  -0.1674
     106                                                                                                   -0.326  -0.9455
     107  1/01:41:36.0  00:02:46.0      23         1         1        1       0.000      0      3.617E-09  -0.929  -0.3702
     107                                                                                                   -0.737  -0.6763
     108  1/01:41:36.0  00:02:46.0      23         2         1        1       0.000      0      0.000E+00   1.000   0.0000
     108                                                                                                    1.000   0.0000
     109  1/01:41:36.0  00:02:46.0      23         4         1        1       0.000      0      1.474E-08  -0.709   0.7055
     109                                                                                                   -0.766  -0.6429
     110  1/01:41:36.0  00:02:46.0      23         5         1        1       0.000      0      1.536E-08   0.853  -0.5220
     110                                                                                                    0.545   0.8387
     111  1/01:45:12.0  00:01:48.0      24         2         1        1       0.000      0      0.000E+00   1.000   0.0000
     111                                                                                                    1.000   0.0000
     112  1/01:45:12.0  00:01:48.0      24         4         1        1       0.000      0      1.454E-08  -0.982  -0.1909
     112                                                                                                    0.083  -0.9965
     113  1/01:47:02.0  00:01:48.0      24         2         1        1       0.000      0      0.000E+00   1.000   0.0000
     113                                                                                                    1.000   0.0000
     114  1/01:47:02.0  00:01:48.0      24         4         1        1       0.000      0      1.466E-08  -0.498   0.8670
     114                                                                                                   -0.911  -0.4116
     115  1/01:49:45.0  00:02:20.0      25         2         1        1       0.000      0      0.000E+00   1.000   0.0000
     115                                                                                                    1.000   0.0000
     116  1/01:49:45.0  00:02:20.0      25         4         1        1       0.000      0      1.458E-08   0.142  -0.9898
     116                                                                                                    0.999   0.0376
     117  1/01:52:55.0  00:02:08.0      26         1         1        1       0.000      0      3.801E-09   0.999   0.0461
     117                                                                                                    0.910   0.4153
     118  1/01:52:55.0  00:02:08.0      26         2         1        1       0.000      0      0.000E+00   1.000   0.0000
     118                                                                                                    1.000   0.0000
     119  1/01:52:55.0  00:02:08.0      26         5         1        1       0.000      0      1.530E-08  -0.867   0.4987
     119                                                                                                   -0.526  -0.8502
     120  1/01:55:36.0  00:02:44.0      27         1         1        1       0.000      0      3.600E-09   0.259  -0.9658
     120                                                                                                    0.584  -0.8115
     121  1/01:55:36.0  00:02:44.0      27         2         1        1       0.000      0      0.000E+00   1.000   0.0000
     121                                                                                                    1.000   0.0000
     122  1/01:55:36.0  00:02:44.0      27         5         1        1       0.000      0      1.501E-08   0.387  -0.9220
     122                                                                                                    0.944   0.3290
     123  1/01:58:38.0  00:02:42.0      28         1         1        1       0.000      0      3.588E-09   0.783   0.6215
     123                                                                                                    0.514   0.8580
     124  1/01:58:38.0  00:02:42.0      28         2         1        1       0.000      0      0.000E+00   1.000   0.0000
     124                                                                                                    1.000   0.0000
     125  1/01:58:38.0  00:02:42.0      28         4         1        1       0.000      0      1.483E-08  -0.999  -0.0409
     125                                                                                                   -0.039  -0.9993
     126  1/01:58:38.0  00:02:42.0      28         5         1        1       0.000      0      1.481E-08  -0.299  -0.9541
     126                                                                                                    0.927  -0.3761
     127  1/05:34:53.0  00:01:12.0      29         1         1        1       0.000      0      2.526E-09   0.800   0.6001
     127                                                                                                    0.624   0.7818
     128  1/05:34:53.0  00:01:12.0      29         2         1        1       0.000      0      0.000E+00   1.000   0.0000
     128                                                                                                    1.000   0.0000
     129  1/05:34:53.0  00:01:12.0      29         5         1        1       0.000      0      1.042E-08   0.827   0.5618
     129                                                                                                   -0.073   0.9973
     130  1/05:36:14.0  00:01:26.0      29         1         1        1       0.000      0      2.875E-09   0.871   0.4911
     130                                                                                                    0.695   0.7190
     131  1/05:36:14.0  00:01:26.0      29         2         1        1       0.000      0      0.000E+00   1.000   0.0000
     131                                                                                                    1.000   0.0000
     132  1/05:36:14.0  00:01:26.0      29         5         1        1       0.000      0      1.062E-08   0.986  -0.1640
     132                                                                                                    0.619   0.7854
     133  1/05:38:09.0  00:01:40.0      30         1         1        1       0.000      0      2.719E-09   0.202   0.9794
     133                                                                                                   -0.070   0.9975
     134  1/05:38:09.0  00:01:40.0      30         2         1        1       0.000      0      0.000E+00   1.000   0.0000
     134                                                                                                    1.000   0.0000
     135  1/05:38:09.0  00:01:40.0      30         5         1        1       0.000      0      1.044E-08  -0.833   0.5527
     135                                                                                                   -0.894  -0.4475
     136  1/05:40:30.0  00:02:58.0      41         1         1        1       0.000      0      2.872E-09   0.907   0.4218
     136                                                                                                    0.749   0.6625
     137  1/05:40:30.0  00:02:58.0      41         2         1        1       0.000      0      0.000E+00   1.000   0.0000
     137                                                                                                    1.000   0.0000
     138  1/05:40:30.0  00:02:58.0      41         4         1        1       0.000      0      1.023E-08   0.975  -0.2206
     138                                                                                                    0.692   0.7218
     139  1/05:40:30.0  00:02:58.0      41         5         1        1       0.000      0      1.079E-08  -0.423   0.9061
     139                                                                                                   -0.999   0.0491
     140  1/05:40:30.0  00:02:58.0      41         6         1        1       0.000      0      7.412E-09   0.095  -0.9955
     140                                                                                                    0.745  -0.6675
     141  1/05:43:50.0  00:02:16.0      31         1         1        1       0.000      0      2.788E-09   0.598   0.8013
     141                                                                                                    0.353   0.9355
     142  1/05:43:50.0  00:02:16.0      31         2         1        1       0.000      0      0.000E+00   1.000   0.0000
     142                                                                                                    1.000   0.0000
     143  1/05:43:50.0  00:02:16.0      31         4         1        1       0.000      0      9.957E-09  -0.152   0.9884
     143                                                                                                   -0.914   0.4054
     144  1/05:43:50.0  00:02:16.0      31         5         1        1       0.000      0      1.058E-08   0.845  -0.5354
     144                                                                                                    0.878   0.4784
     145  1/05:43:50.0  00:02:16.0      31         6         1        1       0.000      0      7.283E-09  -0.957  -0.2889
     145                                                                                                   -0.519  -0.8548
     146  1/05:47:49.0  00:01:20.0      32         1         1        1       0.000      0      2.375E-09   0.627  -0.7792
     146                                                                                                    0.793  -0.6089
     147  1/05:47:49.0  00:01:20.0      32         2         1        1       0.000      0      0.000E+00   1.000   0.0000
     147                                                                                                    1.000   0.0000
     148  1/05:47:49.0  00:01:20.0      32         4         1        1       0.000      0      9.521E-09  -0.132   0.9912
     148                                                                                                   -0.887   0.4626
     149  1/05:47:49.0  00:01:20.0      32         5         1        1       0.000      0      9.952E-09  -0.975  -0.2235
     149                                                                                                   -0.338  -0.9411
     150  1/05:49:58.0  00:02:02.0      33         1         1        1       0.000      0      2.351E-09  -0.701   0.7132
     150                                                                                                   -0.849   0.5292
     151  1/05:49:58.0  00:02:02.0      33         2         1        1       0.000      0      0.000E+00   1.000   0.0000
     151                                                                                                    1.000   0.0000
     152  1/05:49:58.0  00:02:02.0      33         4         1        1       0.000      0      9.416E-09  -0.890  -0.4558
     152                                                                                                   -0.150  -0.9886
     153  1/05:49:58.0  00:02:02.0      33         5         1        1       0.000      0      9.876E-09  -0.858  -0.5134
     153                                                                                                   -0.039  -0.9992
     154  1/05:49:58.0  00:02:02.0      33         6         1        1       0.000      0      6.697E-09   0.729  -0.6843
     154                                                                                                    0.997  -0.0803
     155  1/05:52:45.0  00:02:24.0      34         1         1        1       0.000      0      2.070E-09  -0.909   0.4164
     155                                                                                                   -0.976   0.2195
     156  1/05:52:45.0  00:02:24.0      34         2         1        1       0.000      0      0.000E+00   1.000   0.0000
     156                                                                                                    1.000   0.0000
     157  1/05:52:45.0  00:02:24.0      34         4         1        1       0.000      0      9.106E-09   0.561   0.8279
     157                                                                                                   -0.315   0.9492
     158  1/05:52:45.0  00:02:24.0      34         5         1        1       0.000      0      9.571E-09   0.608   0.7943
     158                                                                                                   -0.304   0.9526
     159  1/05:55:43.0  00:02:32.0      35         1         1        1       0.000      0      1.824E-09  -0.865  -0.5025
     159                                                                                                   -0.758  -0.6518
     160  1/05:55:43.0  00:02:32.0      35         2         1        1       0.000      0      0.000E+00   1.000   0.0000
     160                                                                                                    1.000   0.0000
     161  1/05:55:43.0  00:02:32.0      35         4         1        1       0.000      0      8.622E-09   0.925  -0.3802
     161                                                                                                    0.888   0.4589
     162  1/05:55:43.0  00:02:32.0      35         5         1        1       0.000      0      9.177E-09  -0.392  -0.9202
     162                                                                                                    0.497  -0.8677
     163  1/05:59:08.0  00:01:34.0      36         1         1        1       0.000      0      2.392E-09  -0.343  -0.9395
     163                                                                                                   -0.109  -0.9941
     164  1/05:59:08.0  00:01:34.0      36         4         1        1       0.000      0      9.074E-09   0.858   0.5144
     164                                                                                                    0.118   0.9930
     165  1/06:01:15.0  00:01:20.0      37         2         1        1       0.000      0      0.000E+00   1.000   0.0000
     165                                                                                                    1.000   0.0000
     166  1/06:01:15.0  00:01:20.0      37         5         1        1       0.000      0      1.070E-08  -0.832   0.5549
     166                                                                                                   -0.884  -0.4684
     167  1/06:02:42.0  00:01:30.0      37         1         1        1       0.000      0      2.985E-09   0.900  -0.4358
     167                                                                                                    0.989  -0.1503
     168  1/06:02:42.0  00:01:30.0      37         2         1        1       0.000      0      0.000E+00   1.000   0.0000
     168                                                                                                    1.000   0.0000
     169  1/06:02:42.0  00:01:30.0      37         5         1        1       0.000      0      1.044E-08   0.686   0.7272
     169                                                                                                   -0.289   0.9573
     170  1/06:05:03.0  00:01:52.0      38         1         1        1       0.000      0      2.617E-09  -0.636   0.7716
     170                                                                                                   -0.815   0.5796
     171  1/06:05:03.0  00:01:52.0      38         2         1        1       0.000      0      0.000E+00   1.000   0.0000
     171                                                                                                    1.000   0.0000
     172  1/06:05:03.0  00:01:52.0      38         5         1        1       0.000      0      1.036E-08  -0.838  -0.5457
     172                                                                                                    0.048  -0.9989
     173  1/06:07:30.0  00:02:58.0      42         1         1        1       0.000      0      2.303E-09  -0.913   0.4076
     173                                                                                                   -0.982   0.1871
     174  1/06:07:30.0  00:02:58.0      42         2         1        1       0.000      0      0.000E+00   1.000   0.0000
     174                                                                                                    1.000   0.0000
     175  1/06:07:30.0  00:02:58.0      42         4         1        1       0.000      0      9.354E-09   0.586  -0.8105
     175                                                                                                    1.000  -0.0046
     176  1/06:07:30.0  00:02:58.0      42         5         1        1       0.000      0      9.846E-09   0.921  -0.3896
     176                                                                                                    0.831   0.5560
     177  1/06:07:30.0  00:02:58.0      42         6         1        1       0.000      0      6.743E-09   0.928  -0.3726
     177                                                                                                    0.957   0.2917
     178  1/06:10:48.0  00:02:20.0      39         1         1        1       0.000      0      2.455E-09   0.898   0.4402
     178                                                                                                    0.763   0.6462
     179  1/06:10:48.0  00:02:20.0      39         2         1        1       0.000      0      0.000E+00   1.000   0.0000
     179                                                                                                    1.000   0.0000
     180  1/06:10:48.0  00:02:20.0      39         4         1        1       0.000      0      8.968E-09   0.881   0.4727
     180                                                                                                    0.176   0.9844
     181  1/06:10:48.0  00:02:20.0      39         5         1        1       0.000      0      1.019E-08   0.716  -0.6976
     181                                                                                                    0.968   0.2495
     182  1/06:14:21.0  00:01:14.0      40         1         1        1       0.000      0      2.583E-09   0.089   0.9960
     182                                                                                                   -0.170   0.9855
     183  1/06:14:21.0  00:01:14.0      40         2         1        1       0.000      0      0.000E+00   1.000   0.0000
     183                                                                                                    1.000   0.0000
     184  1/06:14:21.0  00:01:14.0      40         4         1        1       0.000      0      9.505E-09   0.978  -0.2064
     184                                                                                                    0.733   0.6800
     185  1/06:14:21.0  00:01:14.0      40         5         1        1       0.000      0      9.900E-09  -0.294   0.9559
     185                                                                                                   -0.962   0.2739
     186  1/06:14:21.0  00:01:14.0      40         6         1        1       0.000      0      6.935E-09  -0.511   0.8597
     186                                                                                                   -0.944   0.3311
     187  1/09:21:16.0  00:00:22.0      43         1         1        1       0.000      0      1.006E-09  -0.815  -0.5798
     187                                                                                                   -0.752  -0.6590
     188  1/09:21:16.0  00:00:22.0      43         2         1        1       0.000      0      0.000E+00   1.000   0.0000
     188                                                                                                    1.000   0.0000
     189  1/09:21:16.0  00:00:22.0      43         4         1        1       0.000      0      4.521E-09  -0.123  -0.9925
     189                                                                                                    0.326  -0.9455
     190  1/09:23:50.0  00:01:18.0      44         1         1        1       0.000      0      1.879E-09  -0.690   0.7239
     190                                                                                                   -0.814   0.5815
     191  1/09:23:50.0  00:01:18.0      44         2         1        1       0.000      0      0.000E+00   1.000   0.0000
     191                                                                                                    1.000   0.0000
     192  1/09:23:50.0  00:01:18.0      44         4         1        1       0.000      0      5.544E-09   0.791   0.6116
     192                                                                                                    0.348   0.9375
     193  1/09:23:50.0  00:01:18.0      44         5         1        1       0.000      0      5.985E-09  -0.249  -0.9684
     193                                                                                                    0.343  -0.9395
     194  1/09:27:22.0  00:01:12.0      40         1         1        1       0.000      0      1.798E-09   0.063  -0.9980
     194                                                                                                    0.241  -0.9705
     195  1/09:27:22.0  00:01:12.0      40         2         1        1       0.000      0      0.000E+00   1.000   0.0000
     195                                                                                                    1.000   0.0000
     196  1/09:27:22.0  00:01:12.0      40         4         1        1       0.000      0      5.519E-09  -0.952   0.3056
     196                                                                                                   -0.970  -0.2419
     197  1/09:27:22.0  00:01:12.0      40         5         1        1       0.000      0      5.828E-09  -0.939  -0.3451
     197                                                                                                   -0.591  -0.8065
     198  1/09:29:51.0  00:02:14.0      45         1         1        1       0.000      0      1.573E-09  -0.842  -0.5401
     198                                                                                                   -0.746  -0.6659
     199  1/09:29:51.0  00:02:14.0      45         2         1        1       0.000      0      0.000E+00   1.000   0.0000
     199                                                                                                    1.000   0.0000
     200  1/09:29:51.0  00:02:14.0      45         4         1        1       0.000      0      5.225E-09  -0.789  -0.6147
     200                                                                                                   -0.374  -0.9274
     201  1/09:29:51.0  00:02:14.0      45         5         1        1       0.000      0      5.724E-09  -0.445  -0.8954
     201                                                                                                    0.114  -0.9935
     202  1/09:32:34.0  00:01:48.0      46         1         1        1       0.000      0      1.555E-09  -0.850  -0.5267
     202                                                                                                   -0.758  -0.6526
     203  1/09:32:34.0  00:01:48.0      46         2         1        1       0.000      0      0.000E+00   1.000   0.0000
     203                                                                                                    1.000   0.0000
     204  1/09:32:34.0  00:01:48.0      46         4         1        1       0.000      0      5.080E-09   0.600  -0.8002
     204                                                                                                    0.914  -0.4049
     205  1/09:32:34.0  00:01:48.0      46         5         1        1       0.000      0      5.533E-09   0.947   0.3218
     205                                                                                                    0.634   0.7732
     206  1/09:35:26.0  00:02:06.0      47         1         1        1       0.000      0      1.634E-09   0.313   0.9498
     206                                                                                                    0.153   0.9882
     207  1/09:35:26.0  00:02:06.0      47         2         1        1       0.000      0      0.000E+00   1.000   0.0000
     207                                                                                                    1.000   0.0000
     208  1/09:35:26.0  00:02:06.0      47         4         1        1       0.000      0      5.561E-09  -0.806   0.5922
     208                                                                                                   -0.997   0.0747
     209  1/09:35:26.0  00:02:06.0      47         5         1        1       0.000      0      5.681E-09   0.950   0.3113
     209                                                                                                    0.631   0.7756
     210  1/09:35:26.0  00:02:06.0      47         6         1        1       0.000      0      4.030E-09   0.344   0.9391
     210                                                                                                   -0.054   0.9985
     211  1/09:38:03.0  00:01:52.0      48         1         1        1       0.000      0      1.487E-09  -0.197   0.9804
     211                                                                                                   -0.341   0.9401
     212  1/09:38:03.0  00:01:52.0      48         2         1        1       0.000      0      0.000E+00   1.000   0.0000
     212                                                                                                    1.000   0.0000
     213  1/09:38:03.0  00:01:52.0      48         4         1        1       0.000      0      5.312E-09   1.000  -0.0038
     213                                                                                                    0.863   0.5057
     214  1/09:38:03.0  00:01:52.0      48         5         1        1       0.000      0      5.561E-09   0.459  -0.8886
     214                                                                                                    0.860  -0.5100
     215  1/09:40:08.0  00:01:30.0      49         1         1        1       0.000      0      1.461E-09   0.511   0.8595
     215                                                                                                    0.380   0.9250
     216  1/09:40:08.0  00:01:30.0      49         2         1        1       0.000      0      0.000E+00   1.000   0.0000
     216                                                                                                    1.000   0.0000
     217  1/09:40:08.0  00:01:30.0      49         4         1        1       0.000      0      4.952E-09  -0.587  -0.8093
     217                                                                                                   -0.130  -0.9915
     218  1/09:40:08.0  00:01:30.0      49         5         1        1       0.000      0      5.552E-09  -0.492   0.8705
     218                                                                                                   -0.879   0.4777
     219  1/09:41:41.0  00:01:32.0      49         1         1        1       0.000      0      1.715E-09   0.360   0.9331
     219                                                                                                    0.194   0.9810
     220  1/09:41:41.0  00:01:32.0      49         2         1        1       0.000      0      0.000E+00   1.000   0.0000
     220                                                                                                    1.000   0.0000
     221  1/09:41:41.0  00:01:32.0      49         4         1        1       0.000      0      5.477E-09  -0.782   0.6228
     221                                                                                                   -0.993   0.1213
     222  1/09:41:41.0  00:01:32.0      49         5         1        1       0.000      0      5.727E-09   0.672   0.7407
     222                                                                                                    0.160   0.9871
     223  1/09:44:04.0  00:01:48.0      50         1         1        1       0.000      0      1.600E-09   0.928   0.3723
     223                                                                                                    0.857   0.5161
     224  1/09:44:04.0  00:01:48.0      50         2         1        1       0.000      0      0.000E+00   1.000   0.0000
     224                                                                                                    1.000   0.0000
     225  1/09:44:04.0  00:01:48.0      50         4         1        1       0.000      0      5.588E-09   0.744  -0.6682
     225                                                                                                    0.986  -0.1692
     226  1/09:44:04.0  00:01:48.0      50         5         1        1       0.000      0      5.611E-09  -0.590   0.8072
     226                                                                                                   -0.930   0.3666
     227  1/09:47:08.0  00:01:40.0      32         1         1        1       0.000      0      1.536E-09  -0.491   0.8714
     227                                                                                                   -0.619   0.7855
     228  1/09:47:08.0  00:01:40.0      32         2         1        1       0.000      0      0.000E+00   1.000   0.0000
     228                                                                                                    1.000   0.0000
     229  1/09:47:08.0  00:01:40.0      32         4         1        1       0.000      0      5.169E-09  -0.870   0.4923
     229                                                                                                   -1.000  -0.0050
     230  1/09:47:08.0  00:01:40.0      32         5         1        1       0.000      0      5.428E-09  -0.999   0.0481
     230                                                                                                   -0.879  -0.4772
     231  1/09:49:28.0  00:01:58.0      51         1         1        1       0.000      0      1.470E-09   0.929   0.3709
     231                                                                                                    0.864   0.5036
     232  1/09:49:28.0  00:01:58.0      51         2         1        1       0.000      0      0.000E+00   1.000   0.0000
     232                                                                                                    1.000   0.0000
     233  1/09:49:28.0  00:01:58.0      51         4         1        1       0.000      0      5.034E-09   0.618  -0.7862
     233                                                                                                    0.922  -0.3881
     234  1/09:49:28.0  00:01:58.0      51         5         1        1       0.000      0      5.110E-09   0.696  -0.7181
     234                                                                                                    0.959  -0.2834
     235  1/09:54:23.0  00:01:12.0      52         1         1        1       0.000      0      1.169E-09   0.985   0.1709
     235                                                                                                    0.958   0.2853
     236  1/09:54:23.0  00:01:12.0      52         2         1        1       0.000      0      0.000E+00   1.000   0.0000
     236                                                                                                    1.000   0.0000
     237  1/09:54:23.0  00:01:12.0      52         4         1        1       0.000      0      4.645E-09  -0.989  -0.1449
     237                                                                                                   -0.818  -0.5749
     238  1/09:54:23.0  00:01:12.0      52         5         1        1       0.000      0      4.650E-09  -0.995   0.1036
     238                                                                                                   -0.935  -0.3557
     239  1/09:56:29.0  00:01:56.0      53         1         1        1       0.000      0      7.757E-10   0.993  -0.1170
     239                                                                                                    0.999  -0.0393
     240  1/09:56:29.0  00:01:56.0      53         2         1        1       0.000      0      0.000E+00   1.000   0.0000
     240                                                                                                    1.000   0.0000
     241  1/09:56:29.0  00:01:56.0      53         4         1        1       0.000      0      4.144E-09  -0.792   0.6100
     241                                                                                                   -0.971   0.2371
     242  1/09:56:29.0  00:01:56.0      53         5         1        1       0.000      0      4.229E-09   0.940   0.3421
     242                                                                                                    0.715   0.6992
     243  1/09:59:01.0  00:01:54.0       5         1         1        1       0.000      0      7.696E-10  -0.310   0.9506
     243                                                                                                   -0.383   0.9238
     244  1/09:59:01.0  00:01:54.0       5         4         1        1       0.000      0      4.181E-09   0.957  -0.2907
     244                                                                                                    0.992   0.1250
     245  1/09:59:01.0  00:01:54.0       5         5         1        1       0.000      0      4.336E-09  -0.013  -0.9999
     245                                                                                                    0.411  -0.9118
     246  1/13:35:03.0  00:01:50.0      54         1         1        1       0.000      0      2.433E-10  -0.842   0.5392
     246                                                                                                   -0.855   0.5185
     247  1/13:35:03.0  00:01:50.0      54         2         1        1       0.000      0      0.000E+00   1.000   0.0000
     247                                                                                                    1.000   0.0000
     248  1/13:35:03.0  00:01:50.0      54         4         1        1       0.000      0      1.548E-12  -0.132   0.9913
     248                                                                                                   -0.132   0.9913
     249  1/13:35:03.0  00:01:50.0      54         5         1        1       0.000      0      3.193E-10   0.518  -0.8556
     249                                                                                                    0.545  -0.8385
     250  1/13:41:04.0  00:01:48.0      56         1         1        1       0.000      0      4.361E-10   0.998   0.0598
     250                                                                                                    0.995   0.1035
     251  1/13:41:04.0  00:01:48.0      56         4         1        1       0.000      0      3.366E-10  -0.997  -0.0749
     251                                                                                                   -0.994  -0.1086
     252  1/13:41:04.0  00:01:48.0      56         5         1        1       0.000      0      2.756E-10   0.982   0.1882
     252                                                                                                    0.977   0.2153
     253  1/13:45:12.0  00:01:30.0      57         1         1        1       0.000      0      5.685E-10  -0.222  -0.9751
     253                                                                                                   -0.166  -0.9861
     254  1/13:45:12.0  00:01:30.0      57         2         1        1       0.000      0      0.000E+00   1.000   0.0000
     254                                                                                                    1.000   0.0000
     255  1/13:45:12.0  00:01:30.0      57         4         1        1       0.000      0      2.146E-10   0.580   0.8146
     255                                                                                                    0.562   0.8270
     256  1/13:45:12.0  00:01:30.0      57         5         1        1       0.000      0      6.512E-10  -0.183  -0.9830
     256                                                                                                   -0.119  -0.9929
     257  1/13:47:56.0  00:02:02.0      58         1         1        1       0.000      0      3.816E-10   1.000  -0.0180
     257                                                                                                    1.000   0.0204
     258  1/13:47:56.0  00:02:02.0      58         2         1        1       0.000      0      0.000E+00   1.000   0.0000
     258                                                                                                    1.000   0.0000
     259  1/13:47:56.0  00:02:02.0      58         4         1        1       0.000      0      1.444E-10   0.094   0.9956
     259                                                                                                    0.079   0.9968
     260  1/13:47:56.0  00:02:02.0      58         5         1        1       0.000      0      3.418E-10  -0.356   0.9346
     260                                                                                                   -0.387   0.9219
     261  1/13:51:35.0  00:01:46.0      52         1         1        1       0.000      0      4.659E-10  -0.549  -0.8361
     261                                                                                                   -0.509  -0.8609
     262  1/13:51:35.0  00:01:46.0      52         2         1        1       0.000      0      0.000E+00   1.000   0.0000
     262                                                                                                    1.000   0.0000
     263  1/13:51:35.0  00:01:46.0      52         4         1        1       0.000      0      9.717E-11  -0.993  -0.1149
     263                                                                                                   -0.992  -0.1246
     264  1/13:51:35.0  00:01:46.0      52         5         1        1       0.000      0      3.202E-10   0.202   0.9795
     264                                                                                                    0.170   0.9855
     265  1/13:51:35.0  00:01:46.0      52         6         1        1       0.000      0      7.203E-10   0.088  -0.9961
     265                                                                                                    0.160  -0.9871
     266  1/13:54:37.0  00:01:44.0      59         1         1        1       0.000      0      3.874E-10  -0.703   0.7116
     266                                                                                                   -0.730   0.6837
     267  1/13:54:37.0  00:01:44.0      59         2         1        1       0.000      0      0.000E+00   1.000   0.0000
     267                                                                                                    1.000   0.0000
     268  1/13:54:37.0  00:01:44.0      59         4         1        1       0.000      0     -6.760E-11  -0.210  -0.9778
     268                                                                                                   -0.216  -0.9763
     269  1/13:54:37.0  00:01:44.0      59         5         1        1       0.000      0      2.159E-10  -0.196   0.9806
     269                                                                                                   -0.217   0.9762
     270  1/13:54:37.0  00:01:44.0      59         6         1        1       0.000      0      5.050E-10   0.587  -0.8099
     270                                                                                                    0.627  -0.7791
     271  1/13:56:36.0  00:01:46.0       5         1         1        1       0.000      0      3.378E-10   0.021   0.9998
     271                                                                                                   -0.013   0.9999
     272  1/13:56:36.0  00:01:46.0       5         2         1        1       0.000      0      0.000E+00   1.000   0.0000
     272                                                                                                    1.000   0.0000
     273  1/13:56:36.0  00:01:46.0       5         4         1        1       0.000      0     -5.158E-11  -0.869   0.4945
     273                                                                                                   -0.867   0.4990
     274  1/13:56:36.0  00:01:46.0       5         5         1        1       0.000      0      2.340E-10   1.000  -0.0314
     274                                                                                                    1.000  -0.0079
     275  1/13:56:36.0  00:01:46.0       5         6         1        1       0.000      0      4.219E-10  -0.681  -0.7319
     275                                                                                                   -0.650  -0.7602
     276  1/13:59:31.0  00:01:56.0      60         1         1        1       0.000      0      3.236E-10  -0.368  -0.9300
     276                                                                                                   -0.337  -0.9415
     277  1/13:59:31.0  00:01:56.0      60         2         1        1       0.000      0      0.000E+00   1.000   0.0000
     277                                                                                                    1.000   0.0000
     278  1/13:59:31.0  00:01:56.0      60         4         1        1       0.000      0     -1.005E-10   0.991   0.1352
     278                                                                                                    0.992   0.1252
     279  1/13:59:31.0  00:01:56.0      60         5         1        1       0.000      0     -2.768E-11   0.747  -0.6643
     279                                                                                                    0.746  -0.6664
     280  1/13:59:31.0  00:01:56.0      60         6         1        1       0.000      0      2.674E-10   0.829   0.5598
     280                                                                                                    0.813   0.5818
     281  1/14:02:40.0  00:01:38.0       7         1         1        1       0.000      0      4.042E-10   0.233   0.9725
     281                                                                                                    0.193   0.9811
     282  1/14:02:40.0  00:01:38.0       7         2         1        1       0.000      0      0.000E+00   1.000   0.0000
     282                                                                                                    1.000   0.0000
     283  1/14:02:40.0  00:01:38.0       7         4         1        1       0.000      0     -2.198E-10   0.921   0.3895
     283                                                                                                    0.929   0.3691
     284  1/14:02:40.0  00:01:38.0       7         5         1        1       0.000      0      5.229E-11  -0.630   0.7765
     284                                                                                                   -0.634   0.7732
     285  1/14:02:40.0  00:01:38.0       7         6         1        1       0.000      0      4.901E-10  -0.984   0.1780
     285                                                                                                   -0.992   0.1294
     286  1/14:05:05.0  00:01:48.0       9         1         1        1       0.000      0      6.555E-10   0.477  -0.8788
     286                                                                                                    0.534  -0.8454
     287  1/14:05:05.0  00:01:48.0       9         2         1        1       0.000      0      0.000E+00   1.000   0.0000
     287                                                                                                    1.000   0.0000
     288  1/14:05:05.0  00:01:48.0       9         4         1        1       0.000      0      6.666E-11  -0.938  -0.3475
     288                                                                                                   -0.935  -0.3538
     289  1/14:05:05.0  00:01:48.0       9         5         1        1       0.000      0      2.983E-10  -0.991  -0.1309
     289                                                                                                   -0.987  -0.1606
     290  1/14:05:05.0  00:01:48.0       9         6         1        1       0.000      0      7.690E-10  -0.144  -0.9896
     290                                                                                                   -0.067  -0.9978
     291  1/14:08:09.0  00:01:40.0      10         1         1        1       0.000      0      2.010E-10  -0.243   0.9700
     291                                                                                                   -0.263   0.9649
     292  1/14:08:09.0  00:01:40.0      10         2         1        1       0.000      0      0.000E+00   1.000   0.0000
     292                                                                                                    1.000   0.0000
     293  1/14:08:09.0  00:01:40.0      10         4         1        1       0.000      0     -4.723E-10   0.527   0.8496
     293                                                                                                    0.567   0.8236
     294  1/14:08:09.0  00:01:40.0      10         5         1        1       0.000      0     -2.779E-10   0.415   0.9099
     294                                                                                                    0.440   0.8980
     295  1/14:08:09.0  00:01:40.0      10         6         1        1       0.000      0      1.750E-10   0.802  -0.5977
     295                                                                                                    0.812  -0.5835
     296  1/14:10:55.0  00:02:06.0      11         1         1        1       0.000      0     -1.188E-10   0.986  -0.1681
     296                                                                                                    0.984  -0.1799
     297  1/14:10:55.0  00:02:06.0      11         2         1        1       0.000      0      0.000E+00   1.000   0.0000
     297                                                                                                    1.000   0.0000
     298  1/14:10:55.0  00:02:06.0      11         4         1        1       0.000      0     -7.330E-10  -0.536   0.8443
     298                                                                                                   -0.472   0.8814
     299  1/14:10:55.0  00:02:06.0      11         5         1        1       0.000      0     -8.130E-10   0.582   0.8130
     299                                                                                                    0.647   0.7627
     300  1/14:13:53.0  00:02:12.0      61         1         1        1       0.000      0     -1.188E-10   0.986   0.1640
     300                                                                                                    0.988   0.1522
     301  1/14:13:53.0  00:02:12.0      61         4         1        1       0.000      0     -4.452E-10   0.795   0.6062
     301                                                                                                    0.822   0.5700
     302  1/14:13:53.0  00:02:12.0      61         5         1        1       0.000      0     -9.740E-10  -0.954   0.2997
     302                                                                                                   -0.920   0.3916
     303  1/17:19:30.0  00:00:52.0      18         2         1        1       0.000      0      0.000E+00   1.000   0.0000
     303                                                                                                    1.000   0.0000
     304  1/17:19:30.0  00:00:52.0      18         4         1        1       0.000      0     -3.765E-09  -0.289   0.9573
     304                                                                                                    0.085   0.9964
     305  1/17:19:30.0  00:00:52.0      18         5         1        1       0.000      0     -4.248E-09   0.241  -0.9706
     305                                                                                                   -0.183  -0.9831
     306  1/17:21:51.0  00:02:10.0       2         2         1        1       0.000      0      0.000E+00   1.000   0.0000
     306                                                                                                    1.000   0.0000
     307  1/17:21:51.0  00:02:10.0       2         4         1        1       0.000      0     -4.420E-09   0.996  -0.0887
     307                                                                                                    0.861  -0.5083
     308  1/17:21:51.0  00:02:10.0       2         5         1        1       0.000      0     -4.413E-09  -0.196  -0.9806
     308                                                                                                   -0.598  -0.8014
     309  1/17:24:26.0  00:01:00.0      20         4         1        1       0.000      0     -4.338E-09  -0.663   0.7484
     309                                                                                                   -0.285   0.9585
     310  1/17:24:26.0  00:01:00.0      20         5         1        1       0.000      0     -6.079E-09   0.390   0.9209
     310                                                                                                    0.848   0.5306
     311  1/17:30:30.0  00:01:56.0      11         2         1        1       0.000      0      0.000E+00   1.000   0.0000
     311                                                                                                    1.000   0.0000
     312  1/17:30:30.0  00:01:56.0      11         4         1        1       0.000      0     -4.145E-09   0.631   0.7754
     312                                                                                                    0.891   0.4536
     313  1/17:30:30.0  00:01:56.0      11         5         1        1       0.000      0     -4.074E-09   0.192   0.9814
     313                                                                                                    0.567   0.8239
     314  1/17:30:30.0  00:01:56.0      11         6         1        1       0.000      0     -2.104E-09   0.858   0.5139
     314                                                                                                    0.947   0.3224
     315  1/17:33:31.0  00:01:54.0      62         2         1        1       0.000      0      0.000E+00   1.000   0.0000
     315                                                                                                    1.000   0.0000
     316  1/17:33:31.0  00:01:54.0      62         4         1        1       0.000      0     -4.176E-09   0.076   0.9971
     316                                                                                                    0.476   0.8794
     317  1/17:33:31.0  00:01:54.0      62         5         1        1       0.000      0     -3.936E-09   0.251   0.9679
     317                                                                                                    0.605   0.7962
     318  1/17:33:31.0  00:01:54.0      62         6         1        1       0.000      0     -2.145E-09   0.601  -0.7991
     318                                                                                                    0.416  -0.9092
     319  1/17:36:08.0  00:01:36.0      12         2         1        1       0.000      0      0.000E+00   1.000   0.0000
     319                                                                                                    1.000   0.0000
     320  1/17:36:08.0  00:01:36.0      12         4         1        1       0.000      0     -4.352E-09   0.823   0.5682
     320                                                                                                    0.986   0.1660
     321  1/17:36:08.0  00:01:36.0      12         5         1        1       0.000      0     -4.334E-09  -0.840  -0.5424
     321                                                                                                   -0.991  -0.1371
     322  1/17:38:42.0  00:01:32.0      13         2         1        1       0.000      0      0.000E+00   1.000   0.0000
     322                                                                                                    1.000   0.0000
     323  1/17:38:42.0  00:01:32.0      13         4         1        1       0.000      0     -4.474E-09  -0.345  -0.9387
     323                                                                                                   -0.718  -0.6956
     324  1/17:38:42.0  00:01:32.0      13         5         1        1       0.000      0     -4.380E-09  -0.336  -0.9417
     324                                                                                                   -0.706  -0.7085
     325  1/17:38:42.0  00:01:32.0      13         6         1        1       0.000      0     -2.373E-09   0.874  -0.4852
     325                                                                                                    0.735  -0.6781
     326  1/17:40:47.0  00:01:24.0      63         2         1        1       0.000      0      0.000E+00   1.000   0.0000
     326                                                                                                    1.000   0.0000
     327  1/17:40:47.0  00:01:24.0      63         4         1        1       0.000      0     -4.365E-09  -1.000   0.0049
     327                                                                                                   -0.903   0.4293
     328  1/17:40:47.0  00:01:24.0      63         5         1        1       0.000      0     -4.413E-09  -0.872   0.4901
     328                                                                                                   -0.577   0.8168
     329  1/17:40:47.0  00:01:24.0      63         6         1        1       0.000      0     -2.338E-09  -0.488  -0.8727
     329                                                                                                   -0.678  -0.7350
     330  1/17:43:08.0  00:01:42.0      64         2         1        1       0.000      0      0.000E+00   1.000   0.0000
     330                                                                                                    1.000   0.0000
     331  1/17:43:08.0  00:01:42.0      64         4         1        1       0.000      0     -4.522E-09  -0.906  -0.4242
     331                                                                                                   -1.000   0.0166
     332  1/17:43:08.0  00:01:42.0      64         5         1        1       0.000      0     -4.846E-09   0.927  -0.3753
     332                                                                                                    0.643  -0.7656
     333  1/17:43:08.0  00:01:42.0      64         6         1        1       0.000      0     -2.290E-09  -0.971  -0.2384
     333                                                                                                   -1.000  -0.0105
     334  1/17:45:40.0  00:01:38.0      65         2         1        1       0.000      0      0.000E+00   1.000   0.0000
     334                                                                                                    1.000   0.0000
     335  1/17:45:40.0  00:01:38.0      65         4         1        1       0.000      0     -4.539E-09  -0.908  -0.4193
     335                                                                                                   -1.000   0.0237
     336  1/17:45:40.0  00:01:38.0      65         5         1        1       0.000      0     -4.593E-09  -0.984  -0.1769
     336                                                                                                   -0.960   0.2801
     337  1/17:45:40.0  00:01:38.0      65         6         1        1       0.000      0     -2.405E-09  -0.927  -0.3750
     337                                                                                                   -0.990  -0.1422
     338  1/17:48:15.0  00:01:20.0      66         2         1        1       0.000      0      0.000E+00   1.000   0.0000
     338                                                                                                    1.000   0.0000
     339  1/17:48:15.0  00:01:20.0      66         4         1        1       0.000      0     -5.354E-09  -0.552   0.8336
     339                                                                                                   -0.047   0.9989
     340  1/17:48:15.0  00:01:20.0      66         5         1        1       0.000      0     -5.280E-09  -0.991   0.1357
     340                                                                                                   -0.786   0.6186
     341  1/17:50:18.0  00:01:18.0      67         2         1        1       0.000      0      0.000E+00   1.000   0.0000
     341                                                                                                    1.000   0.0000
     342  1/17:50:18.0  00:01:18.0      67         4         1        1       0.000      0     -4.804E-09   0.643  -0.7657
     342                                                                                                    0.214  -0.9768
     343  1/17:50:18.0  00:01:18.0      67         5         1        1       0.000      0     -4.938E-09   0.991  -0.1316
     343                                                                                                    0.809  -0.5879
     344  1/17:50:18.0  00:01:18.0      67         6         1        1       0.000      0     -2.724E-09  -0.679   0.7346
     344                                                                                                   -0.455   0.8907
     345  1/17:53:10.0  00:01:32.0       3         4         1        1       0.000      0     -4.608E-09   0.903  -0.4293
     345                                                                                                    0.616  -0.7876
     346  1/17:53:10.0  00:01:32.0       3         5         1        1       0.000      0     -4.678E-09   0.739  -0.6732
     346                                                                                                    0.354  -0.9352
     347  1/17:57:39.0  00:00:32.0       4         2         1        1       0.000      0      0.000E+00   1.000   0.0000
     347                                                                                                    1.000   0.0000
     348  1/17:57:39.0  00:00:32.0       4         4         1        1       0.000      0     -4.300E-09  -0.968   0.2492
     348                                                                                                   -0.775   0.6321
     349  1/17:57:39.0  00:00:32.0       4         5         1        1       0.000      0     -3.949E-09  -0.727  -0.6870
     349                                                                                                   -0.936  -0.3526
     350  1/17:59:16.0  00:01:24.0       6         2         1        1       0.000      0      0.000E+00   1.000   0.0000
     350                                                                                                    1.000   0.0000
     351  1/17:59:16.0  00:01:24.0       6         4         1        1       0.000      0     -3.595E-09  -0.703   0.7116
     351                                                                                                   -0.406   0.9140
     352  1/17:59:16.0  00:01:24.0       6         5         1        1       0.000      0     -4.015E-09   0.433   0.9012
     352                                                                                                    0.753   0.6586
